70 1690 0 69
49 46 8
31 42 9
34 66 6
52 56 6
14 21 5
19 2 3
17 59 9
22 62 8
36 61 3
36 24 8
46 7 2
21 32 5
16 35 4
11 17 4
6 5 3
10 11 1
63 37 6
57 35 5
32 69 9
1 60 4
21 29 9
25 56 8
24 23 3
67 60 3
35 64 7
11 21 4
65 34 7
41 16 8
31 59 2
17 35 8
48 1 9
18 43 9
49 19 4
23 21 2
28 42 1
26 32 1
33 24 1
65 29 2
26 46 4
65 17 4
16 59 6
54 40 5
56 45 9
7 48 1
44 31 8
16 69 6
54 52 3
2 39 3
10 63 4
56 22 5
42 30 5
47 57 9
8 23 7
10 29 8
3 32 2
46 59 9
67 29 7
69 41 3
25 53 7
48 18 3
10 40 4
26 18 9
42 29 8
60 47 8
49 2 8
43 69 2
29 40 3
45 61 8
64 63 6
8 33 3
40 51 3
27 19 9
34 14 3
4 64 1
1 31 1
56 38 1
49 26 1
32 31 7
27 45 2
50 68 1
10 5 1
57 58 6
45 2 3
29 46 6
43 57 5
64 11 1
30 47 5
22 51 5
67 13 8
52 69 8
9 26 8
60 14 8
59 39 3
23 39 4
9 41 4
64 3 2
24 63 1
16 49 6
59 64 8
38 30 6
63 0 4
62 19 9
6 57 4
3 54 5
7 4 9
1 23 2
11 40 9
56 13 1
56 14 8
65 49 2
38 1 9
45 34 2
23 67 4
16 51 3
48 10 1
8 52 9
5 69 2
16 12 8
61 14 7
61 46 3
18 59 9
9 33 8
0 32 1
21 24 7
30 56 5
53 0 5
44 68 6
64 9 4
12 42 8
13 19 9
39 67 6
27 0 4
0 1 7
46 47 3
32 43 3
25 48 9
29 44 5
4 47 6
66 57 7
51 15 9
6 1 3
66 7 2
43 24 9
8 7 7
32 16 7
1 64 7
25 59 5
66 5 6
55 50 1
29 45 8
16 7 9
48 42 9
8 17 3
63 60 8
61 47 1
25 69 3
25 13 2
4 35 4
33 16 1
34 69 1
33 40 5
45 33 3
44 19 2
19 21 1
27 23 1
8 15 2
10 3 3
2 43 3
1 28 3
3 25 2
45 54 7
15 29 5
11 42 1
30 13 7
55 35 2
2 20 9
17 27 1
2 0 1
28 58 5
28 62 3
36 54 9
36 49 7
59 38 1
27 7 7
42 64 7
4 34 3
20 63 3
22 25 3
20 19 4
56 64 8
47 66 6
19 35 1
40 58 7
45 3 3
5 27 6
55 40 9
3 2 9
58 61 6
48 40 2
69 64 4
26 27 4
29 58 6
3 15 3
68 25 8
44 40 4
7 52 5
55 52 2
8 55 8
45 53 1
17 4 3
19 18 5
66 44 1
51 18 8
65 66 2
19 9 5
33 18 3
43 27 4
49 6 4
30 21 3
14 35 3
58 14 2
33 55 5
20 1 3
7 56 7
22 67 9
54 55 3
25 52 3
1 40 2
55 69 8
12 58 7
19 52 1
58 69 6
42 9 9
10 7 8
51 42 9
43 61 5
64 18 1
42 2 4
58 45 7
31 26 1
57 23 3
56 47 1
5 48 7
5 39 9
48 55 2
12 35 2
42 67 2
49 17 2
8 4 8
17 6 2
64 57 2
39 15 8
19 7 6
5 56 2
44 46 8
1 34 6
48 27 7
20 31 4
21 9 6
61 19 5
48 2 8
31 27 3
37 48 1
7 55 7
54 1 5
27 6 5
25 33 4
19 54 2
46 20 3
9 69 8
35 58 6
29 56 2
16 11 3
54 22 5
68 12 2
0 64 1
51 57 1
16 28 9
26 20 5
22 21 8
54 10 2
52 28 3
8 21 6
6 25 3
36 12 4
9 37 6
1 14 3
62 56 4
52 49 3
44 11 2
33 19 9
21 35 4
47 62 1
18 38 3
10 30 6
17 46 7
27 22 2
24 56 3
36 39 3
1 63 1
5 67 4
43 50 3
38 3 4
61 66 2
13 55 6
46 55 6
61 23 2
69 27 2
31 13 1
50 41 3
39 43 4
28 2 8
45 17 5
46 1 7
23 59 8
24 22 4
0 25 4
38 0 8
59 49 8
34 13 8
53 32 5
55 1 3
18 32 2
64 7 8
27 4 2
40 42 7
31 40 7
4 51 4
61 6 6
62 61 3
59 19 8
69 66 4
50 0 5
10 43 5
62 53 8
56 15 9
57 0 9
31 53 9
20 32 5
40 8 3
30 69 7
17 68 8
5 65 8
36 58 7
14 69 2
32 8 2
54 23 1
19 22 8
13 18 4
1 47 3
20 67 7
10 57 1
40 24 7
36 18 9
54 27 4
43 48 5
47 50 2
42 21 3
66 32 5
36 52 9
65 55 6
48 28 5
15 13 5
13 63 8
32 2 3
33 63 1
14 66 2
33 13 1
40 36 2
22 15 6
49 9 3
41 23 4
17 20 5
58 6 9
52 51 9
67 62 6
54 58 9
66 62 5
6 14 2
0 31 8
49 51 2
14 48 7
47 21 4
48 31 2
28 44 3
51 30 7
55 47 6
43 38 7
22 14 5
44 16 1
62 49 8
26 11 9
59 62 5
41 43 7
22 12 6
57 5 8
24 37 6
2 26 2
40 38 6
1 10 5
50 30 2
33 7 2
46 64 5
1 11 5
4 16 9
26 51 9
14 7 7
48 4 9
30 61 3
23 68 1
66 6 5
60 2 3
24 13 4
23 37 4
66 13 3
29 41 9
38 2 2
61 20 8
53 51 6
67 12 3
20 53 6
43 29 1
35 37 4
44 33 1
55 3 5
49 32 7
44 67 4
60 34 6
22 43 1
21 61 4
48 35 1
50 16 9
60 42 4
0 16 7
50 27 9
1 33 7
4 19 5
7 0 2
62 0 8
33 66 3
1 27 1
65 24 4
15 34 9
69 50 5
6 21 6
8 37 7
2 55 6
38 47 5
26 30 9
53 4 4
16 37 2
22 39 6
2 63 9
3 7 9
17 54 9
39 25 9
36 67 4
16 62 7
37 19 4
61 18 2
28 19 7
18 30 7
22 57 4
34 25 3
42 32 7
63 40 2
43 20 6
51 56 5
0 68 8
27 46 5
42 33 7
54 8 2
34 28 8
56 68 7
18 65 3
68 66 6
38 58 3
61 65 4
67 43 2
53 42 9
64 36 8
36 7 3
41 57 5
1 42 4
57 21 3
60 66 4
42 43 1
3 19 2
50 54 8
22 0 4
62 17 3
36 38 1
3 12 4
29 60 8
49 43 7
43 4 3
59 43 2
54 9 5
10 44 8
62 45 5
59 58 4
27 2 2
16 34 8
68 29 6
65 50 6
33 49 3
4 2 4
23 17 8
57 33 2
53 10 8
11 47 5
64 51 2
61 60 3
36 6 3
69 15 8
40 65 6
55 26 8
58 0 4
2 23 1
37 52 7
68 51 1
27 57 1
59 13 2
35 49 4
37 26 8
8 44 8
1 56 8
1 17 7
45 55 3
11 62 2
66 49 5
27 36 7
36 59 2
50 24 6
61 4 6
61 8 3
44 36 2
17 22 2
45 49 7
39 66 8
33 4 9
2 30 4
5 60 4
48 68 9
40 4 5
51 48 3
4 22 2
61 7 9
46 18 7
21 39 8
14 20 9
5 9 2
64 23 1
65 59 4
39 69 9
15 49 5
42 15 3
53 1 4
55 68 8
23 16 2
25 42 1
13 49 1
26 33 9
28 33 5
45 24 3
55 61 7
51 47 6
52 15 1
22 26 3
49 64 6
63 28 2
64 33 2
57 46 4
53 21 2
45 5 8
11 29 6
26 3 7
11 63 7
14 50 5
18 39 6
9 55 2
50 35 3
33 53 5
64 68 4
49 10 1
35 53 6
26 0 4
3 39 9
19 68 6
57 9 1
6 11 1
7 13 7
44 1 5
16 24 8
38 61 7
43 52 1
11 69 2
2 5 7
8 34 8
6 62 3
65 64 3
19 11 3
40 45 2
52 57 3
49 21 6
46 13 9
8 31 4
62 51 2
67 65 1
49 34 9
64 67 2
15 35 9
12 54 2
41 8 7
63 30 8
6 64 8
50 23 7
8 10 2
61 41 6
28 68 4
3 57 4
50 3 1
55 29 4
29 12 1
16 61 1
10 9 9
27 9 9
41 45 8
61 34 8
48 12 2
32 28 5
56 35 1
34 40 8
36 15 1
47 64 2
45 9 1
57 7 6
6 41 2
15 62 9
58 15 1
23 45 1
48 66 4
32 19 2
42 44 7
62 60 3
26 35 5
24 0 6
34 21 1
53 7 3
56 65 4
36 65 4
69 19 9
58 52 5
10 25 2
43 47 7
19 64 1
50 17 1
13 28 7
57 54 7
24 4 9
57 2 9
0 51 5
29 19 3
63 43 6
66 19 5
26 56 7
41 36 9
62 64 5
47 26 4
1 21 7
13 42 5
61 64 9
64 27 8
55 15 7
39 4 6
23 58 7
12 18 8
9 11 8
49 24 5
21 59 1
62 57 1
53 18 6
21 41 2
14 10 5
37 62 3
8 28 7
0 13 7
51 54 4
28 41 4
24 31 4
24 15 4
53 23 8
39 35 7
36 34 6
27 49 2
14 9 1
19 8 6
47 32 5
22 48 9
27 60 5
52 18 2
28 6 5
48 30 1
2 25 7
41 1 6
52 45 2
50 67 5
1 7 6
9 39 3
12 51 5
20 22 4
42 66 5
33 10 2
68 30 9
55 49 5
28 27 8
8 9 7
67 49 4
35 36 6
58 66 1
66 26 3
43 11 9
33 68 4
10 65 7
23 31 3
50 6 1
54 35 4
29 52 4
47 13 9
46 39 7
28 43 7
17 61 6
5 14 2
57 38 8
36 26 2
16 21 4
26 29 8
56 69 6
39 60 8
31 38 1
65 0 1
6 65 5
31 2 2
34 43 6
56 58 4
1 9 2
27 34 9
65 44 9
62 9 9
20 21 2
51 1 9
43 56 7
23 60 6
29 28 4
68 13 7
63 48 5
49 63 6
5 53 9
60 38 6
37 57 1
49 58 2
60 33 1
10 26 4
58 24 1
11 2 5
63 61 1
63 53 2
27 55 1
63 47 4
3 52 9
15 48 2
30 41 3
52 39 6
63 9 1
38 23 8
27 58 7
1 29 5
35 25 9
36 55 8
25 32 8
12 4 2
29 20 6
40 32 3
68 9 9
40 67 1
41 35 6
50 22 4
20 34 7
26 58 6
12 41 9
47 34 3
29 53 6
31 45 3
9 40 7
55 43 1
5 29 4
62 35 4
24 11 6
30 28 1
51 32 8
38 7 7
39 61 4
21 68 4
63 27 9
39 47 1
5 37 8
42 3 5
8 67 9
9 0 2
19 65 6
2 62 3
47 20 2
19 43 5
42 20 3
30 4 4
66 4 9
26 19 4
14 11 8
56 17 5
66 23 1
67 55 4
33 23 2
52 5 2
8 53 5
9 25 3
22 9 6
58 20 6
15 40 2
10 60 7
38 34 8
37 67 3
51 8 6
33 61 9
68 58 5
16 30 7
44 45 3
38 29 8
1 36 8
56 12 6
22 18 3
22 29 1
18 37 5
13 21 1
59 56 9
5 0 5
68 10 1
45 12 9
30 17 5
0 42 1
2 61 3
51 38 6
60 6 8
67 6 4
68 31 4
56 31 8
17 42 1
53 16 4
14 46 5
29 6 4
40 22 5
61 42 7
65 60 1
45 64 9
65 14 5
6 22 3
22 44 9
44 48 8
36 17 8
44 17 6
50 4 4
54 39 5
48 47 1
68 69 1
7 40 1
50 60 3
60 44 7
41 34 7
60 0 3
0 45 4
53 30 8
22 10 1
44 21 2
15 0 1
14 51 4
25 19 2
45 13 4
58 48 6
27 40 9
30 27 6
38 20 7
67 69 9
25 50 7
20 15 3
38 10 9
8 57 4
9 47 3
0 19 8
7 22 3
27 21 2
0 66 2
8 26 9
10 12 5
69 62 4
66 59 4
17 26 5
32 54 2
14 26 9
53 9 3
55 32 5
8 69 3
23 36 6
48 59 8
7 54 3
29 25 8
25 11 8
32 11 1
55 56 6
54 25 5
18 40 8
37 46 7
38 25 7
17 66 5
20 60 6
11 49 5
5 34 5
13 40 3
61 52 1
59 10 8
17 16 3
57 26 2
4 1 6
3 28 8
23 65 7
15 25 3
32 56 8
9 48 7
46 15 5
44 39 3
38 12 6
32 15 6
60 68 4
2 16 8
48 65 3
69 44 3
55 41 8
13 16 7
58 55 3
51 19 6
38 48 1
21 69 2
27 10 7
6 48 2
7 29 3
2 13 7
49 61 5
58 9 8
37 22 1
44 54 5
43 7 8
64 5 3
38 53 2
55 22 1
3 49 6
15 2 8
17 57 2
12 9 6
45 19 5
62 13 6
50 45 4
3 34 3
3 41 6
7 45 6
59 50 9
16 68 6
2 35 6
62 50 9
39 34 5
61 15 2
1 68 6
40 49 3
12 59 1
4 5 6
13 14 3
53 19 3
51 28 7
24 6 3
63 15 8
36 30 2
46 0 4
65 3 3
62 42 6
18 35 3
65 57 9
37 38 3
44 15 4
36 60 7
66 18 5
62 26 3
64 58 8
59 69 1
67 17 5
17 47 8
3 62 9
5 61 4
68 18 9
11 36 1
44 20 8
67 41 9
66 15 7
5 1 7
26 7 8
44 61 5
43 8 6
57 15 8
59 29 3
2 12 3
8 6 6
21 55 1
69 2 6
11 54 5
55 53 7
55 44 5
7 11 9
56 67 8
61 50 1
41 0 9
47 22 8
45 51 1
24 20 8
43 60 6
40 50 4
10 52 6
36 53 5
33 27 5
26 34 1
50 49 3
2 59 6
19 50 5
7 21 2
12 57 6
41 42 4
54 56 8
21 18 1
7 68 1
49 18 2
65 68 7
31 50 7
4 52 7
49 41 3
34 22 3
13 36 8
20 36 4
67 30 7
27 15 3
0 55 4
37 3 9
10 66 2
9 65 8
31 49 9
36 28 5
0 17 1
38 27 7
34 37 4
52 41 7
3 6 1
39 56 3
54 6 8
34 52 6
11 56 8
16 22 6
7 63 2
19 38 6
20 9 1
52 66 9
67 68 2
67 4 5
59 53 9
62 39 6
55 23 6
52 65 9
3 51 6
27 8 7
69 7 1
52 64 4
4 41 5
26 43 1
66 29 5
67 9 5
28 5 4
60 16 1
54 48 4
50 34 7
44 58 3
59 41 7
44 63 4
38 6 7
39 28 8
20 13 6
54 60 4
48 11 6
61 68 6
46 69 6
47 58 9
35 7 5
67 31 4
12 17 5
6 33 7
23 13 7
55 51 4
36 46 7
15 31 2
29 62 2
13 22 7
32 23 1
45 59 8
59 67 7
10 19 7
30 66 8
52 60 3
45 16 7
57 63 9
6 69 7
54 14 3
69 0 1
10 51 9
58 33 4
6 40 4
68 4 3
13 38 8
32 6 9
7 65 3
56 42 3
30 54 2
54 65 5
22 41 9
55 31 8
65 32 5
12 63 8
11 37 1
8 63 9
7 32 1
5 43 2
12 40 2
16 57 9
10 50 9
21 36 8
18 57 4
31 60 8
41 13 3
42 35 3
58 25 3
11 60 4
48 23 8
35 3 9
60 59 3
11 39 1
36 32 6
38 26 2
40 69 4
12 64 9
46 54 6
60 15 9
48 61 7
36 19 5
43 0 6
25 37 5
13 39 7
37 30 2
60 46 8
36 14 6
43 68 5
50 33 2
42 55 3
4 62 8
10 6 9
45 66 3
63 54 9
67 28 1
59 8 4
51 36 8
28 65 3
54 33 7
7 37 4
17 55 7
61 67 9
19 34 3
42 59 9
57 29 8
25 45 4
54 13 6
24 32 9
6 16 3
68 11 3
59 6 5
62 21 9
24 3 2
12 13 9
2 24 8
5 23 6
28 47 4
3 9 4
36 62 6
61 31 4
60 64 1
24 34 3
53 50 6
46 56 7
5 41 1
14 18 8
9 59 2
30 11 8
19 1 3
46 28 7
45 68 9
56 57 3
37 27 9
16 47 2
8 62 4
5 42 9
66 12 7
33 67 3
65 13 3
36 25 4
55 18 8
29 64 5
4 59 4
59 47 1
28 38 6
16 3 8
21 3 1
30 6 7
58 3 1
3 68 5
38 68 7
26 28 6
51 65 1
63 38 4
52 38 9
28 17 4
15 7 6
50 42 8
34 57 3
59 57 5
50 9 2
43 46 2
52 14 3
33 62 2
38 16 6
30 49 3
62 38 3
69 33 3
59 28 8
11 45 8
20 23 9
37 64 8
42 65 9
40 56 5
25 46 8
36 0 2
65 45 3
35 67 4
50 5 4
24 52 3
65 1 7
19 63 9
44 26 9
61 1 7
5 44 4
53 60 1
26 25 9
60 17 9
23 7 1
65 33 9
35 24 7
10 17 8
62 32 5
64 13 8
52 22 2
23 47 4
13 3 9
58 21 1
41 31 2
44 2 8
55 62 4
18 16 3
5 58 4
4 18 8
46 12 4
25 21 2
16 8 2
58 10 6
0 61 5
44 23 1
0 8 9
38 22 8
12 19 5
33 12 7
2 41 8
0 47 1
35 13 3
2 66 9
5 38 3
49 12 8
38 11 3
2 6 3
20 51 3
67 34 8
27 11 2
2 40 6
33 2 9
10 61 8
57 55 2
37 14 1
17 64 7
46 63 2
46 32 7
61 26 7
35 23 1
31 11 2
4 44 2
8 5 8
41 10 7
35 6 3
22 5 7
31 33 9
46 42 6
38 67 1
7 39 6
24 51 4
61 37 6
46 34 4
32 63 2
47 27 6
61 27 9
56 60 7
17 7 1
34 17 2
36 3 1
31 12 8
3 69 4
33 20 8
14 32 6
49 54 5
44 62 8
17 63 5
69 65 6
26 65 1
66 46 2
40 25 2
4 10 7
40 53 8
37 4 8
7 67 2
2 22 5
48 13 1
0 37 1
11 23 8
54 53 1
18 23 4
46 11 9
59 63 8
18 27 3
36 45 2
37 33 6
0 59 3
27 16 5
25 47 1
47 14 4
69 18 6
0 40 8
25 28 5
21 5 8
53 27 2
55 11 5
37 66 5
1 43 5
37 47 3
11 35 3
6 0 3
42 34 8
47 12 1
59 20 3
67 15 9
14 27 1
40 30 1
7 47 7
48 26 8
3 66 9
30 59 7
9 38 5
37 56 1
16 31 3
6 20 4
32 41 6
60 4 9
57 25 7
54 37 4
33 46 9
64 54 7
26 63 1
46 16 6
14 39 9
52 13 4
29 27 6
30 65 5
68 52 3
25 44 4
10 39 5
51 67 5
28 18 7
38 46 7
9 56 1
21 12 8
26 45 5
3 46 5
10 16 3
25 4 5
53 67 3
45 21 2
15 10 2
56 20 9
52 53 2
8 14 5
31 28 1
49 5 4
57 50 2
12 28 3
34 32 9
32 10 9
5 3 1
20 8 7
25 51 9
14 49 6
38 4 8
0 10 4
6 19 9
20 18 3
53 6 4
13 5 3
61 13 5
52 42 3
16 64 7
69 35 1
32 1 3
43 23 2
3 31 8
19 58 2
22 42 1
8 2 9
6 34 9
32 13 7
10 64 9
8 56 6
25 27 5
62 43 1
39 48 7
34 33 6
11 3 3
53 46 6
8 38 9
30 57 6
39 33 6
27 66 1
58 17 1
42 26 1
44 47 5
14 25 9
43 25 8
58 1 6
7 34 5
55 66 3
48 21 1
52 26 6
26 12 8
31 43 8
3 29 5
50 48 3
31 10 5
32 9 3
36 8 1
42 19 5
48 57 1
27 12 6
21 65 3
52 63 8
56 50 4
30 62 6
24 7 4
36 5 4
43 51 9
39 26 2
58 50 8
2 51 2
59 54 9
44 24 4
7 44 4
56 41 8
46 4 8
15 54 7
56 21 6
39 49 8
19 31 3
54 21 9
45 69 3
31 37 6
20 25 6
25 63 4
57 28 3
65 16 1
25 16 1
43 35 8
69 17 9
68 22 2
38 44 2
7 20 1
29 30 8
15 18 1
36 16 8
55 64 4
16 48 2
66 41 8
53 49 3
38 41 8
17 38 6
44 37 9
0 49 3
20 39 8
29 9 7
29 47 8
23 3 1
49 37 5
30 52 7
55 12 2
31 4 6
14 59 8
64 22 9
2 21 1
29 63 9
16 5 6
15 37 9
59 26 2
68 14 8
68 63 3
15 5 9
1 37 2
42 69 1
19 57 7
3 8 7
40 62 7
59 40 9
35 9 4
57 14 5
6 42 4
65 41 2
35 63 8
34 55 1
3 17 2
18 60 3
64 53 2
60 41 5
42 4 4
63 34 3
44 14 3
8 49 3
55 20 6
31 58 1
35 47 5
26 13 7
69 63 3
2 52 9
14 45 2
10 28 9
20 12 4
59 24 8
24 19 4
63 23 2
39 40 2
4 13 6
25 67 8
14 33 4
4 14 7
60 40 2
41 58 9
37 13 8
21 50 2
4 65 5
14 40 4
10 45 5
26 16 9
9 2 2
42 14 7
46 68 7
4 0 7
56 19 2
6 13 1
24 55 8
37 58 8
9 15 5
43 30 6
2 37 3
38 15 5
23 30 5
55 19 6
65 20 6
55 16 8
7 28 7
61 54 9
17 5 3
63 51 1
32 60 6
10 23 8
0 30 8
29 48 6
36 68 4
39 58 6
2 64 8
55 39 7
22 32 8
46 24 5
36 22 1
19 14 3
60 26 3
43 53 9
32 38 6
58 63 7
60 25 4
47 65 9
42 57 2
64 44 7
6 15 1
8 50 9
37 10 8
17 37 4
45 32 7
20 45 7
62 24 4
28 4 9
44 59 8
12 8 8
4 9 2
6 9 4
7 59 4
5 12 9
14 55 6
12 61 4
42 58 7
56 10 5
54 43 1
0 52 5
53 34 6
63 39 7
50 18 5
44 52 7
66 28 6
51 23 2
24 9 1
24 53 6
37 50 3
10 13 6
68 2 8
3 4 9
14 62 4
45 8 6
31 6 2
33 36 7
68 53 3
14 67 8
11 5 1
66 53 2
13 17 7
3 59 7
12 44 5
3 1 5
40 37 5
11 53 8
21 40 1
9 52 2
53 37 1
28 40 3
13 69 2
63 42 5
29 24 4
35 20 8
25 65 1
1 35 5
33 56 6
61 9 6
5 46 7
3 22 9
33 43 6
