100 9801 0 99
0 23 4
90 0 9
93 0 2
93 7 3
74 0 9
74 87 9
90 71 8
82 7 4
87 44 4
93 33 3
90 12 5
86 90 9
39 12 3
44 26 8
26 50 8
68 39 4
41 23 5
31 26 5
31 85 6
78 23 6
23 32 2
58 50 1
99 33 8
74 19 5
15 23 3
58 35 1
81 7 3
30 41 5
81 54 7
61 15 4
44 84 2
10 61 5
93 14 2
11 14 2
77 99 3
36 61 4
42 31 6
43 61 7
58 59 2
32 9 5
92 42 6
74 96 8
88 41 4
96 38 1
65 23 9
73 19 7
86 29 7
86 25 4
48 84 4
17 12 6
8 9 1
77 56 6
6 61 9
46 86 4
74 69 3
29 80 5
87 83 4
75 38 4
62 88 7
82 72 4
51 87 7
94 44 2
62 49 6
23 21 5
73 76 1
81 18 3
38 22 8
1 65 2
63 58 4
87 67 1
79 25 7
88 40 1
2 49 6
16 21 3
1 13 5
9 45 5
9 4 6
95 50 1
58 37 4
8 60 4
31 27 5
37 64 2
47 16 8
36 57 4
72 55 5
87 53 5
98 57 7
70 17 1
66 53 9
91 76 2
99 3 6
97 64 7
89 86 8
5 18 9
28 70 9
29 24 1
59 20 1
13 34 3
52 34 7
89 21 1
81 50 2
22 97 3
98 83 5
25 20 5
12 47 7
99 52 4
27 58 2
48 99 2
66 81 7
41 89 8
2 19 7
21 14 6
50 97 8
77 16 9
63 36 8
34 74 4
81 14 6
12 11 1
88 17 6
84 30 3
12 25 9
90 52 1
1 68 9
9 17 9
9 61 6
88 67 4
40 57 9
13 12 3
9 3 7
46 26 8
39 59 2
49 76 2
77 42 3
72 61 5
10 5 8
9 87 1
64 68 5
1 22 8
88 81 4
76 16 7
48 26 4
3 53 4
22 90 5
93 13 4
54 85 8
75 79 3
20 74 4
50 75 3
82 76 4
93 85 4
99 34 5
18 80 1
71 89 7
26 23 3
52 32 7
86 8 6
84 20 2
11 28 6
97 2 5
53 30 5
11 4 9
73 54 4
55 60 8
85 36 2
61 95 9
60 29 6
53 90 4
8 82 8
91 3 7
69 99 6
33 55 3
47 3 6
55 12 6
33 67 2
4 13 5
92 2 2
56 37 1
57 15 4
44 87 4
17 1 7
92 94 2
24 43 6
20 57 8
69 78 2
95 2 6
94 53 3
78 36 7
88 48 7
84 67 5
81 59 4
58 1 6
92 24 7
96 8 2
32 86 2
0 61 8
36 22 1
87 30 4
24 9 2
15 89 6
85 90 2
42 13 9
18 77 9
71 61 6
4 55 1
97 76 4
14 29 1
10 42 8
36 87 9
36 65 9
97 22 1
1 93 8
27 25 8
28 36 5
51 55 2
42 19 8
39 5 7
10 76 6
9 90 4
59 77 1
13 86 8
18 32 5
38 32 7
78 60 7
7 31 3
10 67 9
57 28 1
16 13 5
30 24 9
12 18 6
39 0 4
22 21 9
63 51 7
0 81 3
11 2 9
6 80 3
82 64 4
74 36 8
7 14 7
89 33 9
84 65 6
6 30 1
41 81 9
92 69 3
7 29 1
27 83 3
81 47 2
50 11 4
29 92 9
99 55 9
25 48 8
2 74 2
96 55 1
40 46 5
78 55 4
38 48 5
64 72 1
68 80 5
95 76 7
36 45 4
49 16 9
94 13 3
62 21 6
81 1 6
86 2 5
68 33 2
63 56 3
8 27 7
27 92 5
6 70 2
1 27 3
41 25 6
45 51 4
74 24 2
98 78 5
64 39 9
25 91 2
90 20 3
90 58 2
87 75 9
30 95 3
73 99 9
91 85 7
60 6 6
96 47 4
31 67 4
33 92 7
68 5 4
97 16 4
29 78 9
9 22 5
42 69 3
7 40 9
62 50 6
81 66 3
95 35 2
15 25 6
74 65 3
28 75 3
66 65 5
75 59 7
59 3 5
12 89 5
12 88 9
25 61 9
3 51 8
14 74 9
5 25 3
58 8 2
1 88 8
77 14 6
43 27 2
79 94 6
29 90 8
6 26 5
85 82 1
32 3 1
69 8 8
14 78 8
48 92 6
57 44 5
79 82 6
54 5 3
51 16 9
30 61 9
3 43 2
0 51 5
2 28 3
61 91 2
70 73 1
75 54 6
40 91 3
25 80 8
37 9 7
40 67 3
60 96 2
21 40 8
37 53 6
94 92 3
16 46 2
96 90 2
67 8 8
52 53 3
49 0 2
37 16 3
33 7 2
67 51 2
24 61 2
59 34 5
90 47 4
99 84 6
80 20 7
9 36 9
55 20 7
71 34 7
0 6 2
3 84 3
71 62 7
45 54 9
23 55 8
33 27 9
3 18 6
74 49 4
25 81 8
32 71 1
79 36 4
71 90 4
70 34 6
5 85 2
78 94 4
56 96 9
74 58 3
44 21 6
15 78 1
47 15 2
10 20 8
76 44 5
18 71 7
37 95 6
43 75 6
21 75 9
14 36 3
71 12 8
22 15 1
48 34 7
14 82 1
87 39 6
64 82 6
77 88 6
81 24 5
22 49 9
88 8 4
51 26 6
77 58 2
24 41 1
71 66 5
11 92 3
80 94 9
63 43 4
85 38 2
89 13 3
71 56 5
79 86 6
47 38 4
30 57 3
6 91 4
87 14 5
65 67 6
7 47 7
51 50 5
81 73 8
45 18 2
58 23 8
9 55 6
0 24 6
72 87 3
58 67 7
54 59 9
58 31 8
15 70 3
56 30 5
35 5 6
92 77 1
6 93 4
19 24 8
66 77 4
44 36 4
66 73 4
72 5 2
81 35 2
24 69 4
91 69 8
96 11 9
53 52 6
15 65 3
49 29 6
51 1 4
62 33 5
20 98 5
7 27 8
23 4 4
16 6 8
79 41 3
96 12 7
74 33 2
85 45 7
73 75 9
48 23 2
34 14 2
26 17 3
62 23 6
55 53 5
88 12 3
3 73 8
77 5 2
45 46 6
71 88 7
30 36 5
24 62 6
38 86 3
23 1 7
24 48 3
63 44 9
65 36 8
32 84 9
61 40 1
33 22 8
38 47 5
23 58 4
42 90 8
98 29 6
20 76 3
60 97 9
39 92 1
47 37 6
83 29 6
24 27 5
59 5 3
76 70 3
91 22 1
75 88 5
42 0 3
84 56 5
19 88 7
10 0 6
20 62 7
74 39 4
27 40 1
37 60 1
29 88 2
54 22 1
35 96 6
94 58 3
38 15 6
15 52 1
98 49 5
25 66 4
74 47 1
49 99 8
10 19 4
50 39 5
80 44 2
15 69 8
18 36 9
50 1 5
29 81 1
78 10 8
40 43 1
76 90 8
37 32 4
32 81 3
95 38 8
12 15 5
48 22 2
80 52 1
62 28 8
26 41 6
36 24 7
75 81 1
26 11 5
51 4 8
64 14 9
62 47 5
23 33 7
60 55 9
87 85 4
19 14 1
20 71 9
63 94 6
92 31 6
38 72 1
26 64 7
92 19 7
45 55 8
36 9 2
55 80 1
52 95 9
76 65 5
23 9 3
19 74 2
39 89 7
89 67 3
16 87 1
9 77 4
40 79 7
84 14 2
42 73 3
73 69 8
46 27 1
58 89 3
27 93 8
69 42 6
8 78 7
76 48 1
69 45 5
80 34 5
99 2 8
80 61 4
88 64 8
10 68 8
44 17 5
63 85 8
52 45 1
58 70 2
75 43 4
86 27 4
26 16 7
1 7 8
17 88 2
11 59 2
56 49 2
35 71 4
42 62 4
77 36 3
13 40 6
98 27 3
35 37 5
99 38 4
66 54 5
56 66 9
31 41 1
96 33 7
35 52 3
25 33 8
3 59 5
6 42 1
9 53 4
3 8 1
10 99 6
44 58 8
36 66 9
57 27 3
6 2 9
94 10 6
5 79 8
50 38 9
73 78 9
28 91 2
66 62 3
10 35 4
2 47 7
32 4 5
59 71 5
20 18 9
63 32 3
50 51 9
48 69 3
91 73 3
49 24 6
83 62 1
29 97 4
11 50 8
24 16 3
18 47 8
5 89 2
11 37 8
5 62 2
92 56 6
74 68 5
62 57 8
81 41 8
49 72 2
10 90 1
35 67 1
27 41 1
99 97 2
17 22 3
70 63 1
72 27 4
50 18 3
23 0 5
2 77 8
52 35 9
50 72 8
78 57 9
91 12 7
66 25 2
80 68 2
34 51 7
84 91 7
93 11 1
91 86 1
34 15 7
24 11 5
65 96 6
18 48 5
22 0 3
85 92 8
43 1 2
36 15 1
37 55 9
93 15 5
68 93 3
44 47 9
24 25 7
76 28 7
1 43 5
55 93 4
49 93 2
0 4 3
11 95 1
26 8 4
77 86 9
3 32 2
30 17 2
1 36 2
11 55 9
31 8 4
8 93 3
36 84 7
40 29 6
44 35 4
78 88 8
10 44 3
50 0 9
96 6 4
94 84 4
78 89 5
49 15 3
32 29 5
93 80 6
44 10 2
7 63 4
87 27 1
28 8 6
25 23 1
30 5 9
5 9 5
60 50 9
73 44 5
17 31 3
67 42 5
34 35 1
93 40 4
91 61 6
55 63 9
27 65 5
61 64 8
65 60 1
96 42 6
51 92 1
39 40 4
89 77 6
28 63 8
58 56 9
41 27 3
42 82 1
17 45 3
22 7 2
72 0 7
17 78 2
24 6 3
53 88 9
27 66 5
55 75 1
65 12 7
21 26 9
74 63 8
65 32 5
79 51 2
46 35 1
98 22 5
94 67 5
96 32 7
20 2 3
53 5 1
94 32 9
39 44 4
59 19 8
31 2 3
43 48 7
76 17 5
22 13 1
66 90 1
98 92 9
62 3 5
13 25 1
20 12 4
30 71 3
42 55 8
12 62 1
52 26 1
17 11 9
86 64 7
19 9 4
75 6 6
46 24 1
78 48 5
31 93 4
70 82 4
52 15 9
67 74 4
25 35 9
32 41 3
92 87 1
71 26 2
95 82 4
29 94 5
42 65 6
44 70 1
95 36 9
85 47 4
40 97 6
76 95 3
25 7 3
91 26 1
74 78 1
39 1 5
14 94 6
82 21 7
75 40 7
23 12 1
73 32 7
85 41 1
16 89 6
82 81 8
53 40 7
77 94 2
81 92 2
9 46 5
82 63 6
93 52 1
75 55 9
94 4 8
40 24 2
43 13 3
65 83 9
82 84 6
1 90 2
17 18 3
13 98 7
28 15 2
10 7 4
86 50 8
77 66 3
59 70 8
73 22 2
89 28 6
53 20 8
86 76 4
12 26 8
42 83 1
5 81 7
20 43 8
2 68 4
20 21 9
29 84 2
86 59 4
99 80 4
35 78 2
60 39 2
9 19 2
25 37 6
61 94 6
53 36 9
25 45 8
83 87 7
80 54 1
10 6 5
60 44 1
21 94 3
52 42 9
49 56 5
84 36 7
31 45 3
18 9 6
94 16 2
65 33 2
1 60 1
40 45 1
94 81 5
68 50 7
89 88 9
13 57 3
54 96 2
92 60 3
30 13 2
74 10 8
94 1 3
23 2 5
53 72 1
75 25 3
34 94 4
48 77 4
7 44 1
24 54 3
58 82 2
62 96 7
28 18 5
38 79 1
5 4 2
5 31 8
6 82 8
60 72 5
44 9 7
74 34 4
67 61 3
65 8 8
79 40 7
78 75 2
90 50 7
63 74 2
73 86 7
35 30 7
13 48 4
9 83 4
81 82 1
61 56 8
57 11 8
53 29 6
57 68 4
93 8 4
62 38 7
25 27 9
98 5 4
38 99 8
11 30 8
18 27 4
29 19 7
28 78 6
97 91 9
12 4 2
6 12 6
91 17 6
86 14 1
54 15 7
96 3 9
14 72 9
58 78 5
46 2 3
45 34 6
7 79 3
46 7 4
71 76 6
19 25 5
39 79 6
15 92 2
44 57 1
4 86 6
92 53 6
22 73 5
14 79 6
39 91 9
66 17 4
57 66 2
83 72 3
59 16 7
91 60 1
6 23 2
47 10 2
12 72 9
53 83 6
83 27 1
9 18 8
65 98 8
27 22 1
69 43 9
59 83 5
27 29 8
92 44 4
98 36 1
65 47 5
86 35 2
40 33 2
52 13 7
28 31 8
31 92 3
27 49 3
36 73 9
96 61 9
76 4 7
75 83 9
27 96 2
73 26 3
27 16 3
61 23 7
87 43 2
41 74 9
94 74 7
99 78 7
73 59 6
62 17 8
84 44 2
68 0 6
21 68 9
77 76 5
43 80 6
61 87 1
27 13 4
76 42 7
30 7 7
29 52 4
57 70 8
38 69 5
80 73 8
7 2 8
47 12 2
2 34 8
32 19 2
12 84 3
5 2 6
33 21 4
40 53 9
80 14 7
60 83 9
40 47 3
15 79 7
83 22 6
65 50 2
97 90 9
42 26 7
58 9 1
96 48 8
22 9 8
52 28 6
16 23 2
48 15 2
36 52 5
73 48 8
40 18 8
96 43 9
10 87 1
81 63 8
89 0 3
83 80 3
99 40 4
46 43 1
24 10 6
30 1 6
83 71 5
69 80 8
94 39 2
85 31 8
81 45 5
85 15 1
58 47 6
96 89 6
6 75 4
9 2 7
90 75 9
81 52 4
0 43 4
99 57 4
20 47 1
45 57 7
72 67 8
96 26 2
17 67 1
44 38 5
21 54 8
52 89 2
4 79 9
61 90 6
97 85 3
9 94 2
93 56 8
86 80 8
16 76 5
70 46 5
88 37 5
10 78 3
70 85 6
44 31 1
9 23 2
7 93 6
60 47 1
74 30 8
9 68 9
98 33 1
72 59 7
86 9 1
89 48 2
23 85 7
46 61 3
61 2 4
37 97 7
25 82 7
8 48 8
99 25 9
72 52 4
20 25 9
77 72 6
74 41 2
60 18 1
13 60 4
42 54 8
97 45 7
45 70 3
90 69 2
77 44 1
83 47 1
86 22 1
34 46 2
57 36 9
0 92 8
20 93 5
70 41 4
8 75 3
28 82 5
49 25 1
83 43 6
82 22 3
95 37 8
81 85 3
97 13 2
27 45 6
71 70 2
34 50 1
90 62 4
56 23 9
61 47 9
24 71 5
9 78 2
80 25 3
10 43 4
78 79 1
15 98 9
46 58 6
77 60 3
65 10 5
45 85 3
86 33 5
80 53 3
38 11 9
42 24 2
43 15 5
35 10 8
78 98 5
52 56 5
65 11 1
48 73 2
46 51 1
13 52 8
84 92 4
84 28 2
84 71 8
69 75 4
27 9 5
80 41 4
68 75 5
44 25 2
28 80 5
7 0 6
62 52 2
75 97 7
36 29 3
36 91 2
68 29 5
86 96 3
58 21 5
4 15 2
52 64 2
42 9 2
89 60 4
74 12 8
61 66 3
9 43 6
9 42 2
97 83 4
78 18 7
69 32 9
32 69 5
3 63 1
40 54 9
44 95 6
37 31 4
98 51 2
22 37 6
69 53 8
24 26 9
72 89 2
14 13 7
16 81 5
24 51 9
84 26 4
37 17 7
15 12 5
19 51 4
13 45 2
79 70 3
39 51 3
67 68 8
24 4 1
52 18 9
54 93 7
80 29 3
76 52 5
17 8 4
41 86 6
0 3 8
18 94 9
25 65 5
31 79 5
81 11 1
86 91 5
49 58 1
87 37 7
17 83 5
96 35 5
84 59 5
56 92 6
34 88 9
68 72 2
85 64 1
81 84 2
8 37 5
41 1 1
39 11 7
45 1 5
82 58 5
51 30 3
29 16 8
0 32 1
35 68 8
29 55 7
2 30 3
7 36 2
13 50 3
12 96 1
21 86 4
58 73 1
30 87 6
18 66 3
72 42 9
95 15 4
40 98 5
82 28 2
10 52 4
64 9 6
98 47 1
93 76 7
64 75 3
31 37 4
59 62 6
98 4 2
35 92 7
20 56 2
17 33 6
96 40 2
80 96 5
5 0 9
25 10 7
30 51 5
30 68 2
63 30 8
0 99 3
33 65 6
81 34 4
84 35 1
80 92 7
91 2 4
94 30 1
32 74 1
36 43 2
65 85 5
96 83 5
18 15 6
45 66 2
32 10 4
66 89 3
12 1 7
1 52 1
55 46 5
87 74 3
88 47 9
51 0 7
78 24 5
12 55 5
53 92 1
83 2 6
25 24 3
59 56 5
15 84 7
85 1 3
56 24 6
30 14 3
27 6 2
51 47 6
14 41 4
45 83 1
75 10 8
35 90 9
5 49 8
59 28 7
80 89 4
24 68 7
94 50 9
55 28 6
98 31 2
4 59 9
34 19 2
50 2 5
29 17 5
99 76 4
69 48 8
53 45 4
35 86 2
56 89 1
26 3 4
16 82 5
11 25 8
58 39 3
99 47 4
75 64 6
25 73 7
92 91 4
69 64 8
52 61 9
46 12 6
36 21 3
56 28 1
81 12 5
30 47 5
19 45 1
63 13 8
2 60 7
68 76 2
36 68 2
91 14 5
59 68 7
74 83 3
43 91 6
8 71 5
20 19 6
88 11 5
5 47 2
71 87 2
34 65 9
83 38 1
45 95 2
76 33 8
53 80 7
86 44 5
44 49 8
97 67 1
17 43 8
64 7 1
15 76 9
50 93 9
33 13 1
23 48 4
52 87 6
46 29 6
16 19 8
2 93 4
91 38 3
31 89 5
22 4 9
81 16 2
50 34 9
17 68 2
64 55 6
16 73 3
23 43 4
69 12 2
51 8 6
18 62 5
47 31 1
41 54 7
19 77 1
38 19 8
59 14 4
78 77 5
78 16 4
46 84 3
0 33 5
23 77 9
3 34 8
24 0 4
47 33 8
41 79 5
48 96 9
2 36 8
74 51 4
89 23 7
10 71 9
37 65 5
28 44 3
94 62 7
97 63 8
26 12 8
27 42 6
16 11 2
6 95 4
47 49 8
3 88 9
76 24 7
11 81 3
40 32 5
0 18 2
39 34 2
71 96 8
69 31 3
77 70 2
60 76 2
72 39 9
32 8 2
81 90 9
77 95 6
3 98 8
8 94 6
16 34 6
71 19 1
71 2 8
73 5 8
22 50 2
68 79 3
37 44 2
92 6 4
48 64 7
72 20 1
95 64 6
20 44 8
20 80 4
21 4 6
15 67 9
70 67 3
15 43 7
94 7 1
13 69 9
5 10 1
1 10 1
42 29 5
33 85 3
36 31 4
25 50 4
68 67 4
6 49 2
61 98 6
80 60 9
47 42 3
98 6 6
70 93 5
40 58 5
68 74 4
4 33 1
26 44 2
5 54 8
95 68 7
77 78 4
61 36 4
76 68 1
1 45 9
82 15 3
42 12 5
12 20 4
37 46 7
91 41 2
20 17 2
57 93 7
3 28 3
26 13 7
75 35 2
68 94 4
88 29 2
18 74 3
34 37 5
20 89 9
35 31 5
35 43 2
13 96 8
56 12 9
9 24 1
40 19 7
30 16 2
19 44 9
84 15 9
1 6 8
6 58 6
0 29 1
23 31 1
92 35 1
66 31 7
0 10 3
74 2 9
34 72 1
67 66 6
24 66 9
59 49 4
22 10 7
83 81 4
51 15 8
81 67 7
42 32 1
90 91 9
29 13 4
44 68 7
99 22 6
69 71 3
89 44 4
3 80 6
48 72 4
4 17 7
56 75 7
41 20 8
66 88 5
1 57 1
69 94 1
58 77 8
47 72 6
94 0 1
38 7 6
71 86 5
36 79 8
11 44 8
99 74 9
6 46 5
22 46 3
12 79 8
26 73 9
98 56 7
67 69 6
20 28 9
50 6 7
24 2 4
50 54 3
14 15 9
86 97 2
50 57 5
59 92 8
24 35 1
4 19 8
43 94 1
90 98 8
54 73 8
58 5 6
49 13 1
7 91 4
49 82 8
57 34 4
99 56 5
38 70 7
25 8 8
51 75 4
18 81 3
78 29 4
48 27 8
29 82 2
61 37 8
15 75 9
61 34 8
41 36 3
85 13 4
35 75 1
74 77 7
26 60 8
6 15 9
69 30 4
60 66 5
51 18 7
95 93 5
1 82 9
95 97 6
36 70 3
2 38 7
55 57 7
61 7 1
88 55 4
93 44 5
38 87 5
78 95 7
29 68 6
76 9 3
11 97 4
72 95 9
39 38 8
22 92 6
13 10 2
47 54 7
93 12 5
51 86 9
42 49 5
75 70 9
98 34 3
56 11 2
1 66 8
18 46 3
6 1 7
92 30 7
17 90 1
80 51 7
5 39 3
50 70 9
30 25 9
35 41 2
42 67 7
43 72 3
83 42 6
99 62 2
82 59 3
87 10 3
53 14 4
7 23 4
94 31 9
68 38 1
76 12 2
95 96 3
12 91 8
92 66 3
53 84 8
21 29 4
11 29 4
67 59 7
35 47 4
85 37 7
33 81 7
3 7 1
40 59 2
61 9 3
47 2 5
71 67 4
54 78 5
98 48 7
77 80 1
46 81 2
49 5 2
87 78 2
45 12 7
8 17 6
11 41 3
36 40 5
21 50 3
22 26 8
84 99 4
89 29 6
46 67 7
53 89 4
94 60 5
14 81 8
0 46 3
93 57 9
99 36 6
46 49 4
51 94 4
25 90 2
25 38 1
14 53 2
71 35 1
58 90 6
66 44 2
48 16 4
51 22 9
70 15 5
23 98 9
68 35 1
0 45 2
31 68 7
49 46 6
30 97 3
10 56 8
89 84 8
64 79 2
66 37 3
70 59 9
19 53 7
68 53 3
46 17 5
92 8 9
54 88 5
89 12 3
38 74 4
85 23 3
36 64 9
57 65 6
48 43 3
2 27 3
59 51 4
42 36 9
68 7 9
74 6 7
16 40 8
77 43 1
45 42 7
88 44 7
80 15 4
12 17 3
79 58 1
81 80 7
81 95 3
15 95 2
57 52 1
34 78 8
82 9 8
94 57 2
68 18 3
21 74 5
93 71 3
77 41 7
32 78 3
95 45 5
43 86 2
59 97 8
24 46 6
51 45 8
12 57 9
84 33 6
57 51 1
10 92 3
22 17 7
87 40 7
75 0 5
15 60 4
37 92 8
2 86 8
53 18 8
21 15 4
39 97 1
96 79 4
24 59 1
75 49 4
2 26 8
26 14 1
13 61 3
70 12 6
45 32 2
68 66 6
9 0 8
21 56 3
36 23 9
89 53 2
79 72 3
19 0 9
39 50 6
43 20 9
55 0 7
16 26 3
64 56 4
1 62 2
42 16 9
96 56 8
47 1 2
10 23 1
41 37 5
13 22 9
89 64 2
22 77 2
92 3 6
30 66 9
79 44 9
61 16 1
93 23 1
48 37 4
5 72 2
3 92 8
55 83 1
62 89 8
75 1 7
7 73 7
5 21 5
12 48 3
13 64 3
66 1 9
12 23 1
52 14 3
90 81 6
65 5 4
69 83 8
49 66 2
16 57 6
39 10 8
71 47 6
25 41 3
42 45 3
10 4 5
72 14 3
75 51 1
35 70 1
88 20 6
54 23 9
78 43 7
55 88 5
99 8 1
50 88 7
67 20 7
12 87 3
69 38 6
30 49 9
4 54 6
16 29 7
8 45 8
78 87 2
74 67 6
47 65 6
37 22 2
31 99 7
94 18 7
51 67 4
88 79 9
4 11 2
75 86 4
20 33 7
24 50 3
37 29 1
3 83 1
68 21 9
52 3 2
74 3 2
50 68 1
19 69 1
28 90 3
34 90 7
78 13 8
36 63 2
61 10 9
90 87 9
93 53 8
27 35 6
5 28 8
48 42 9
6 55 2
92 64 3
42 96 9
62 14 6
41 52 6
63 64 6
71 53 6
70 4 3
47 24 8
0 2 4
40 96 1
55 41 6
0 87 3
54 62 8
94 98 4
13 32 8
32 73 5
30 67 1
67 71 2
93 48 5
56 69 8
40 10 2
86 18 7
87 77 7
72 21 3
19 95 2
6 77 6
47 75 2
21 57 5
75 14 1
33 46 8
68 12 6
30 60 5
36 96 7
15 62 4
36 14 3
67 26 4
72 98 7
98 63 2
46 4 9
84 54 8
22 34 9
1 96 6
52 91 2
97 98 4
76 14 2
29 47 2
77 2 4
98 94 9
38 9 3
71 98 5
5 76 7
50 20 1
21 49 5
75 82 7
3 64 9
51 58 4
7 5 1
64 63 2
86 98 4
65 28 8
20 97 1
22 11 8
67 82 5
45 28 2
74 11 4
55 11 9
25 19 9
16 80 7
43 23 2
91 72 3
44 92 2
53 38 9
70 3 1
21 51 4
11 93 8
67 16 9
56 82 9
19 35 6
64 70 3
66 5 3
83 58 7
31 5 5
59 39 1
96 88 1
66 40 8
38 82 6
72 71 7
39 28 3
10 80 5
59 86 7
47 92 5
23 84 6
82 71 8
9 85 9
95 52 5
40 51 1
97 92 1
26 30 7
11 24 2
87 98 9
34 22 6
98 39 5
51 82 4
41 5 5
33 56 5
67 64 2
4 48 1
76 96 4
7 92 6
4 60 3
31 1 6
92 9 5
1 58 6
9 12 3
77 55 3
1 0 8
88 0 7
12 41 7
17 16 5
70 48 8
58 29 7
57 87 5
64 33 7
48 66 6
5 48 1
70 10 8
48 51 6
53 86 2
76 60 3
65 37 1
40 30 7
13 87 9
8 76 9
43 25 7
5 75 4
83 14 2
14 61 4
83 82 6
96 70 2
34 6 4
33 70 3
15 18 9
67 13 3
69 41 9
75 73 7
93 43 3
72 13 4
11 89 5
60 7 5
38 64 2
27 2 2
36 83 7
67 27 6
74 73 6
85 56 7
44 55 9
95 11 3
50 81 2
73 84 8
47 84 6
71 82 9
84 77 7
70 66 4
45 90 6
60 15 4
47 97 7
73 88 4
7 1 7
8 6 9
15 64 9
15 17 8
2 71 9
92 74 4
43 60 6
30 39 5
34 61 7
27 20 3
78 3 5
43 29 2
57 82 6
68 83 9
88 75 4
2 29 8
50 17 8
86 31 1
57 21 3
7 59 9
19 29 9
40 90 8
94 51 8
45 92 8
13 83 3
91 31 9
71 99 3
65 52 3
0 49 9
59 73 9
96 34 4
21 91 2
10 37 2
59 60 1
65 87 4
5 57 3
77 10 7
16 61 4
28 69 4
44 43 4
83 66 2
19 41 7
20 14 4
56 84 3
35 83 4
19 2 7
74 93 2
51 53 7
63 93 6
56 54 4
52 43 4
63 53 6
0 89 2
49 92 2
49 34 4
91 18 9
76 74 8
16 84 1
9 67 6
63 89 7
50 29 2
64 4 4
5 71 3
46 66 5
4 89 2
25 40 1
55 42 3
15 29 6
20 96 4
93 98 7
30 77 9
36 72 8
25 31 6
41 44 6
41 65 8
33 14 4
4 91 6
63 55 6
2 92 2
13 16 9
50 83 2
60 81 6
5 83 6
8 77 8
11 80 1
18 7 4
79 56 2
67 52 3
41 91 7
59 87 8
13 28 6
49 87 9
27 64 4
55 8 3
19 58 6
60 34 7
20 86 5
18 4 9
90 66 4
24 81 8
51 65 9
73 67 1
11 16 7
48 82 8
35 61 7
9 63 3
17 57 4
40 56 9
12 19 7
56 43 5
96 97 2
87 33 1
91 58 5
22 54 5
49 2 4
36 78 5
60 94 1
84 82 8
83 65 5
4 1 8
24 55 3
5 36 2
5 53 2
49 9 4
93 72 7
63 17 6
54 2 5
30 15 1
61 74 5
70 50 6
2 11 6
96 28 3
49 84 3
69 87 7
11 3 3
62 90 9
13 71 1
95 77 2
85 72 4
18 17 3
17 39 7
5 61 2
14 23 6
42 66 9
56 39 6
18 30 5
38 71 5
98 86 1
56 79 4
16 42 3
26 4 1
93 2 9
54 95 9
12 16 5
51 99 8
26 62 7
52 84 2
38 33 4
76 80 9
83 94 8
82 55 6
59 24 4
42 75 5
9 48 4
9 8 2
10 65 2
0 73 9
87 62 4
27 38 2
35 77 6
1 76 2
0 54 7
84 25 8
80 11 4
39 15 5
26 52 6
82 11 7
27 18 2
46 8 5
78 33 2
69 14 8
67 57 4
71 10 7
72 56 2
59 4 3
66 7 3
99 27 5
82 51 6
62 46 8
74 20 8
33 25 9
5 80 9
94 46 2
24 39 8
53 39 3
39 55 9
14 92 2
9 47 4
13 15 1
16 45 7
69 55 2
91 24 5
41 18 7
0 60 7
32 46 6
99 50 9
75 22 8
98 67 4
74 60 9
34 53 4
36 17 6
8 74 6
32 68 2
13 59 4
55 54 2
71 24 6
51 20 1
63 82 3
52 97 3
81 10 1
76 71 5
73 28 9
90 85 7
86 69 4
46 71 6
13 43 6
54 34 4
53 50 4
33 45 1
28 89 5
96 69 5
44 5 4
40 73 3
92 80 6
68 81 9
70 88 4
65 66 8
66 4 6
47 63 7
36 99 3
64 13 5
55 82 3
14 87 4
21 47 3
78 46 3
6 27 9
94 48 4
9 73 7
98 97 1
93 50 3
97 23 5
24 77 7
49 81 2
78 70 9
78 6 9
17 96 4
21 46 6
80 24 3
67 7 8
64 5 7
77 28 8
2 5 3
25 63 3
78 19 6
7 37 1
24 87 5
98 8 1
74 86 5
17 95 7
7 21 6
25 95 3
80 90 7
65 95 5
43 87 8
40 27 7
39 35 6
66 72 9
69 67 5
10 41 3
0 27 6
30 91 4
17 21 8
9 6 9
44 67 6
34 28 5
70 9 8
95 71 4
10 85 9
39 31 7
26 33 6
1 9 9
0 25 9
65 75 1
34 41 7
47 81 8
12 67 1
22 12 7
43 3 4
61 86 5
41 57 1
14 84 5
47 91 2
89 75 3
58 72 8
49 48 6
78 58 8
58 28 8
80 1 3
71 41 1
24 86 7
58 49 8
97 77 5
3 13 5
55 29 4
99 18 2
72 31 7
37 28 9
57 72 5
39 75 5
71 59 8
52 66 6
84 70 5
37 63 3
61 17 1
4 47 1
98 80 2
29 87 1
6 99 4
95 41 9
90 83 5
50 44 4
17 60 2
47 77 1
93 1 8
88 99 4
36 93 2
20 24 3
43 14 8
88 43 9
4 26 1
62 83 6
14 95 1
78 53 6
99 21 3
9 38 4
97 3 7
23 24 7
59 33 3
38 17 1
85 46 8
22 51 7
78 72 8
99 88 1
30 8 2
70 81 6
43 24 5
43 50 8
41 62 1
19 54 1
43 36 2
56 44 4
75 13 5
63 80 5
6 66 2
56 35 2
68 60 5
13 18 9
94 76 2
62 61 9
78 99 1
94 43 8
18 92 2
6 97 3
98 79 9
60 62 2
75 2 2
33 90 9
72 33 4
5 44 4
53 25 9
30 56 6
28 40 7
97 44 5
78 92 3
63 19 3
41 99 2
31 71 8
65 29 6
63 68 7
29 21 4
53 73 9
71 18 7
19 36 4
66 75 1
56 55 2
73 16 2
73 4 4
93 70 9
28 19 2
25 12 4
48 55 5
18 91 7
75 57 5
86 12 1
9 72 6
90 21 6
19 80 8
75 17 4
18 31 9
68 1 6
24 58 8
43 4 8
89 40 2
45 69 2
84 17 8
22 31 3
29 86 3
94 8 1
57 13 8
36 94 2
78 38 8
93 64 7
76 7 2
61 77 9
8 42 9
37 6 8
4 41 2
19 1 7
20 83 8
1 50 6
6 3 2
31 23 3
19 65 8
48 14 9
81 4 7
48 71 2
68 98 7
77 21 4
30 76 6
56 33 4
41 56 4
70 98 6
14 2 6
74 37 8
29 5 6
47 9 3
60 93 9
63 27 8
86 77 6
73 65 7
65 61 9
66 19 4
83 32 3
3 46 6
7 20 9
45 40 9
73 34 6
57 97 8
47 11 9
43 26 1
29 30 8
69 89 1
51 24 7
41 31 1
69 47 6
52 50 9
24 56 2
19 96 5
37 73 7
0 79 9
24 79 2
39 16 3
87 55 2
60 1 7
90 18 4
44 45 1
12 75 4
84 37 2
10 84 2
52 90 3
36 27 7
89 41 8
77 35 6
24 15 9
94 17 5
23 82 6
6 41 7
80 46 6
68 69 4
55 48 1
93 88 5
76 0 5
98 85 5
42 99 7
25 86 9
82 54 5
56 83 3
37 54 3
85 35 6
36 88 1
55 40 7
69 3 7
56 29 6
23 61 8
12 40 2
97 79 3
43 6 4
61 50 4
82 44 6
42 18 4
40 75 7
13 9 9
91 4 8
0 71 7
84 18 5
39 52 8
39 14 9
81 13 5
35 27 9
97 27 2
94 72 1
22 59 2
41 39 1
87 8 4
45 99 2
52 19 7
88 36 6
70 89 9
55 6 9
93 39 8
97 26 2
1 37 3
79 1 4
68 96 2
51 37 1
83 45 1
56 25 5
78 76 4
84 21 7
75 19 3
85 52 2
42 53 9
53 6 1
41 64 2
65 0 2
48 11 7
76 81 5
20 16 7
44 62 7
68 89 9
19 13 6
17 20 2
32 14 7
41 21 3
19 21 4
90 42 5
33 87 6
16 59 6
32 2 3
54 80 4
93 18 5
96 54 3
95 87 7
45 35 7
12 65 1
49 79 5
15 14 4
1 16 5
25 89 2
85 26 5
2 65 1
64 36 7
28 55 2
72 25 3
86 15 5
57 84 5
92 63 4
59 31 6
47 5 6
73 74 7
88 84 8
28 85 9
20 67 5
59 78 5
76 27 9
99 39 5
47 46 4
66 15 1
63 86 5
48 13 3
0 65 5
57 10 7
29 50 3
54 97 5
0 74 9
63 66 9
32 67 9
55 3 6
84 5 4
80 50 7
4 69 3
60 68 3
67 90 5
96 51 9
7 39 3
16 72 6
53 26 2
74 25 2
47 20 8
8 87 4
42 8 9
38 93 3
66 2 7
43 11 4
41 45 2
14 43 3
87 25 8
69 23 4
7 67 9
14 37 5
16 15 2
20 31 9
49 7 2
43 33 2
58 19 1
42 94 7
76 59 2
39 80 5
3 40 5
23 59 8
70 69 5
89 6 9
65 70 3
12 58 5
95 84 3
36 58 6
16 49 5
86 47 1
74 75 2
48 74 4
80 33 6
4 22 7
26 40 2
3 10 6
89 43 1
5 60 4
79 12 5
70 0 2
91 94 5
89 57 9
41 97 4
26 91 9
43 16 2
79 93 5
16 20 4
26 97 2
68 13 5
62 56 3
10 81 4
91 7 5
62 73 5
30 50 2
83 34 9
2 55 1
86 48 4
87 41 1
68 17 1
59 12 5
21 92 7
2 87 7
37 8 3
70 22 6
67 72 2
94 82 1
34 45 5
33 64 2
11 1 2
10 62 5
11 57 2
7 53 8
45 49 8
90 24 1
24 8 9
70 26 6
50 69 1
74 76 4
54 91 3
87 47 5
11 66 7
12 46 4
80 22 7
47 74 2
11 18 2
13 95 2
55 18 3
2 42 6
1 86 2
31 11 5
3 27 3
42 40 6
84 74 1
6 87 1
74 61 4
30 88 3
47 36 1
18 24 1
74 82 2
88 74 3
36 75 2
90 93 1
29 23 5
20 87 9
81 39 3
2 12 7
24 89 6
78 65 7
66 93 5
72 26 4
76 46 4
31 6 7
88 93 6
91 88 9
69 90 1
22 83 8
93 37 3
66 70 7
19 91 6
80 58 8
2 10 9
73 51 2
54 40 5
98 25 9
99 10 9
52 47 4
44 11 5
93 92 5
43 74 7
68 58 7
76 5 3
29 15 5
75 56 5
41 24 9
38 78 4
90 97 2
99 11 8
0 35 2
13 92 9
16 95 5
57 48 6
33 0 8
80 71 1
71 8 1
45 33 1
21 53 9
39 26 1
58 14 2
46 78 7
34 67 7
58 87 1
95 26 8
6 14 6
85 80 5
27 19 2
51 52 8
16 99 9
80 10 5
47 0 2
87 73 6
74 29 4
21 9 3
77 81 2
3 77 6
66 10 4
22 62 6
54 8 8
40 11 5
78 28 9
7 52 8
50 37 4
75 95 5
89 30 7
76 88 5
28 20 2
93 45 4
82 37 4
98 43 4
7 96 7
79 98 4
6 92 1
13 36 9
91 11 2
9 14 8
48 24 2
97 46 7
72 36 2
6 43 2
92 14 9
39 20 5
50 30 7
30 80 7
40 81 1
38 66 5
41 61 3
46 16 9
66 29 4
53 97 6
51 95 9
78 27 5
92 58 4
73 15 2
38 3 1
0 75 1
52 51 2
14 26 4
78 56 9
44 12 2
4 63 5
62 29 9
49 40 7
52 72 7
31 48 9
30 79 9
96 0 9
98 59 2
92 70 3
41 94 3
45 48 5
72 11 5
98 30 6
41 87 6
87 24 5
39 17 1
99 68 7
16 33 8
17 37 3
12 49 6
14 85 5
3 41 6
94 55 9
2 70 4
78 96 6
82 24 6
47 13 4
89 82 7
49 38 3
33 12 5
77 40 4
46 74 8
0 48 7
99 67 5
5 17 2
22 8 5
81 48 4
34 9 8
47 55 1
48 9 8
6 96 3
42 3 6
4 80 5
74 17 3
8 53 4
72 84 8
5 26 6
80 84 8
69 51 1
22 72 8
96 80 8
73 49 5
56 52 4
76 15 8
36 59 6
62 39 1
95 5 8
72 85 9
53 35 4
84 48 1
92 62 2
32 49 2
14 70 2
21 90 5
74 98 6
49 27 2
69 86 5
51 61 3
17 26 7
66 47 5
32 89 9
57 95 2
86 66 9
75 68 4
34 4 6
78 0 8
27 89 3
17 82 5
25 71 2
74 64 4
19 33 5
56 81 7
17 84 8
34 23 2
61 55 9
26 51 6
11 23 4
28 7 1
98 14 8
86 60 9
40 49 4
12 21 3
72 18 1
91 97 3
27 88 2
59 22 6
51 31 9
75 18 9
74 62 4
70 21 6
28 16 5
98 21 5
27 30 4
3 17 7
35 8 6
48 56 8
42 21 9
62 13 5
57 71 5
86 0 6
89 34 2
19 81 1
58 61 8
29 43 7
67 5 1
58 11 2
45 74 9
59 84 3
85 22 8
7 18 3
24 13 3
59 82 5
86 40 2
5 11 6
71 25 2
2 20 5
84 47 4
99 64 1
4 75 4
67 91 2
67 35 7
10 36 7
32 88 2
86 87 2
84 80 3
41 28 9
25 46 7
58 76 1
68 31 1
9 69 7
95 69 5
52 40 2
71 29 6
6 47 1
13 70 8
79 88 4
36 10 1
63 54 7
77 90 4
52 20 8
40 13 6
39 67 6
5 24 8
67 11 4
32 21 2
7 85 9
74 48 2
12 54 5
36 39 8
0 34 3
90 74 1
78 83 1
44 78 2
70 95 3
53 10 1
13 81 1
91 92 3
3 49 5
32 7 5
10 18 1
68 52 8
86 71 5
99 77 7
4 34 9
75 28 7
30 40 4
45 14 3
55 52 2
2 16 8
14 0 7
92 5 9
59 6 6
92 10 1
6 59 3
77 46 4
71 11 1
53 57 4
35 53 5
33 15 1
26 48 5
60 30 9
41 7 7
67 0 6
75 41 9
25 2 7
67 19 5
83 44 6
83 19 4
88 89 2
78 67 7
77 34 4
82 73 6
62 35 1
60 45 3
86 45 6
71 83 8
31 17 3
45 75 7
86 13 4
42 92 7
40 60 5
96 85 7
64 87 5
76 86 1
75 9 4
51 81 8
52 60 6
52 33 4
89 95 1
53 19 7
89 54 9
80 4 3
3 55 3
20 32 7
70 53 4
82 17 4
46 88 1
22 20 1
74 80 3
36 19 9
45 5 1
94 34 1
97 51 3
85 91 4
26 76 5
11 73 4
61 1 6
6 88 1
2 58 9
51 72 4
10 64 9
22 52 7
45 8 5
23 39 7
51 29 7
79 99 6
55 14 2
53 28 4
81 51 4
77 11 2
6 25 9
96 49 8
91 23 6
4 49 2
41 11 5
58 91 3
75 16 8
92 76 7
11 56 6
30 52 8
44 89 5
54 25 7
33 35 9
0 62 7
8 52 1
58 4 1
44 41 2
58 62 1
58 98 1
90 9 3
44 86 7
77 92 8
24 14 2
66 16 7
9 65 1
94 2 7
26 96 9
35 28 6
31 3 1
97 31 1
95 55 4
42 76 4
96 53 4
96 1 3
19 57 6
58 84 6
9 35 2
59 75 2
85 77 9
62 82 6
46 47 5
70 20 9
5 12 4
89 39 1
87 71 1
31 46 6
99 83 1
2 89 8
8 5 6
30 33 7
32 96 9
19 40 4
16 41 7
54 81 8
29 48 8
18 72 5
64 2 4
68 48 5
97 48 6
88 14 6
50 64 8
11 15 3
52 63 5
97 6 7
34 89 3
26 85 1
43 85 4
32 57 4
2 4 5
7 77 9
75 26 8
40 38 5
85 17 3
31 98 4
94 29 4
44 85 1
2 57 7
8 13 8
7 98 5
98 11 4
5 33 2
3 24 8
84 49 3
56 15 5
72 76 3
68 30 7
78 66 9
11 31 7
28 71 3
50 42 9
88 13 7
75 99 6
91 64 6
53 27 1
3 69 7
37 21 4
72 45 1
57 75 5
63 38 9
7 60 5
6 89 5
89 42 7
60 61 7
90 89 5
44 77 2
8 11 3
84 27 8
24 70 9
17 24 5
82 77 2
6 81 1
73 60 3
13 93 2
83 55 1
30 10 9
74 14 1
72 34 3
50 65 7
93 77 8
30 54 8
90 17 2
67 99 5
61 73 2
77 75 4
53 67 5
94 5 8
30 22 9
40 16 5
77 83 5
83 10 1
68 64 4
87 96 4
4 78 7
22 85 3
33 79 7
35 19 9
88 30 3
46 79 6
7 32 8
83 46 1
54 87 7
93 61 2
15 81 3
28 52 9
31 15 2
19 72 3
23 20 7
56 42 5
10 54 5
46 55 3
52 37 5
25 99 7
82 94 8
61 57 2
70 78 2
70 13 7
23 63 7
65 31 1
40 14 8
27 86 6
97 17 7
13 2 7
70 94 8
10 83 2
79 57 9
18 85 5
22 32 3
71 64 7
27 46 7
21 55 1
33 1 7
10 25 9
91 80 3
74 22 2
0 39 6
58 86 4
34 13 2
96 91 6
90 5 6
66 36 5
83 59 3
96 30 1
27 57 8
66 85 2
98 87 7
32 42 5
23 88 9
18 73 5
58 74 6
79 81 7
84 43 4
52 54 3
33 28 2
75 5 4
97 21 6
19 59 2
55 10 5
12 51 4
51 38 9
22 99 5
97 1 9
81 40 5
17 66 4
37 90 7
37 4 2
15 93 5
10 53 9
71 32 9
20 94 2
22 19 6
8 80 9
99 85 5
57 3 8
89 18 8
71 84 3
90 57 5
28 77 8
37 51 8
19 6 7
2 39 4
23 50 8
84 79 8
10 28 8
54 50 5
21 39 1
37 56 2
18 45 5
60 73 2
90 1 1
87 4 3
80 66 3
94 24 3
63 73 9
27 85 8
97 80 7
32 34 5
38 62 7
62 4 2
4 2 9
89 9 1
98 60 3
72 2 3
34 84 8
98 75 4
66 43 7
43 18 1
29 37 8
38 37 3
12 76 6
4 3 3
63 83 8
37 12 4
29 69 6
89 52 5
14 28 7
4 53 5
64 61 7
37 42 4
4 88 9
40 8 1
15 88 3
42 38 3
22 81 7
55 92 9
61 32 7
40 85 1
58 95 4
22 18 2
3 89 1
97 47 6
44 75 5
7 41 9
65 99 6
30 43 4
65 44 6
75 30 7
78 84 9
98 55 8
33 20 5
26 79 1
72 54 6
50 46 2
1 56 5
24 33 1
21 84 4
46 54 2
65 49 8
67 3 9
79 30 8
12 61 7
80 38 1
79 5 3
14 30 2
10 94 8
99 96 1
19 26 2
85 99 5
64 35 7
50 25 1
92 17 6
29 85 5
41 76 1
46 32 3
95 43 3
70 76 6
50 24 4
51 89 6
81 3 4
4 90 2
40 3 4
74 8 1
2 46 3
15 80 4
84 94 8
66 34 9
95 28 7
26 46 9
5 63 9
75 24 7
2 24 6
57 90 7
74 13 9
27 95 2
58 55 1
24 67 8
99 15 9
21 66 2
92 36 5
21 97 9
4 31 6
49 55 6
61 30 9
42 41 5
56 57 5
53 64 8
57 18 9
96 71 7
39 69 4
26 45 7
35 81 6
27 79 5
29 77 7
32 95 7
99 93 1
41 51 2
9 30 6
30 53 1
15 61 9
26 82 7
78 17 1
80 72 9
23 30 4
54 82 9
19 62 4
74 32 2
43 21 9
86 54 1
19 10 6
34 95 5
88 31 8
14 35 3
21 67 6
43 95 1
18 69 6
10 50 6
14 51 2
72 48 8
22 1 7
97 70 3
89 7 9
40 35 1
62 87 8
80 5 7
57 19 6
76 78 5
34 18 6
64 71 1
72 80 5
13 82 6
20 64 2
11 34 7
72 96 3
78 30 6
85 3 7
31 54 1
48 88 2
58 13 9
83 18 2
32 90 7
66 82 6
1 99 6
85 81 8
70 84 2
25 85 8
11 77 8
34 54 6
66 92 4
28 74 8
34 80 7
43 45 1
19 20 8
81 79 5
85 5 7
45 63 1
2 15 5
67 49 8
80 9 4
70 1 8
43 2 3
63 91 2
14 88 6
5 59 4
81 99 8
85 62 5
93 10 1
4 61 1
2 96 9
48 60 6
94 45 4
14 6 1
11 48 5
24 47 8
48 33 7
85 30 3
69 66 7
90 53 6
0 11 6
79 92 5
48 57 5
64 53 1
71 81 6
12 14 5
82 4 8
2 25 6
33 95 3
16 0 9
11 91 7
99 71 6
85 16 1
63 9 8
3 25 9
77 18 4
51 28 6
85 11 4
70 92 4
38 76 9
24 98 9
45 82 6
69 46 1
74 28 7
93 83 9
76 87 3
28 61 9
74 91 6
52 7 6
27 11 9
45 31 3
47 6 5
42 30 1
86 92 5
54 16 4
72 91 9
10 45 9
4 83 9
15 96 1
8 35 1
22 98 7
36 35 9
32 59 1
15 73 4
78 97 1
84 52 3
9 76 6
95 85 1
28 97 6
58 42 8
67 9 1
36 56 9
17 9 5
86 30 5
21 3 1
29 25 5
91 51 8
65 89 3
65 45 6
35 9 8
46 33 9
16 85 3
61 54 8
65 3 6
63 96 1
89 49 8
26 31 2
44 22 7
10 29 9
73 55 8
16 83 8
89 90 9
57 25 1
5 74 3
19 50 4
52 96 9
49 53 4
33 5 9
39 42 3
94 79 3
44 52 7
81 70 9
66 97 8
1 74 4
95 83 3
51 21 3
57 59 8
65 2 7
86 34 5
87 90 6
80 23 3
19 93 8
25 74 6
57 38 9
66 59 6
92 83 9
67 65 1
17 91 5
97 94 9
21 98 6
73 18 9
58 46 8
39 13 6
42 93 1
88 87 6
53 15 6
91 50 3
38 16 3
78 11 5
40 62 9
50 77 1
34 17 8
14 38 7
39 81 9
61 25 1
43 47 1
54 92 8
50 12 9
9 58 2
40 88 8
66 23 8
29 51 2
36 55 7
45 97 9
74 84 6
61 88 3
29 2 9
95 9 6
96 59 5
56 40 1
13 49 4
45 77 3
39 27 7
54 99 3
42 77 6
16 98 3
85 53 1
42 52 5
99 7 8
29 73 1
79 47 7
57 62 3
27 47 6
45 41 3
86 37 6
6 11 9
99 42 6
7 6 2
41 46 7
55 95 4
73 9 1
49 91 1
15 47 6
49 67 9
40 70 2
60 98 5
54 35 6
42 87 8
91 62 3
66 64 2
8 43 4
1 92 2
3 15 5
48 29 8
19 98 6
77 15 2
40 52 7
75 34 5
63 18 4
7 68 1
55 72 6
19 31 5
48 18 7
17 42 2
77 33 8
33 91 4
87 58 2
1 48 9
35 65 2
11 83 5
95 57 9
17 3 4
29 8 2
83 60 2
26 84 1
6 98 5
32 27 6
61 20 2
2 7 4
7 80 7
22 44 5
16 48 3
96 29 2
20 41 8
69 85 8
15 91 6
4 45 2
47 67 5
4 51 2
61 35 3
70 38 9
78 74 7
99 16 6
32 70 7
36 49 8
96 92 7
87 17 4
21 33 3
51 69 9
78 31 9
90 51 1
17 44 1
63 49 3
80 97 2
32 44 3
2 95 7
83 67 6
50 47 5
88 24 7
68 20 3
35 99 2
61 84 5
52 71 3
15 6 9
32 35 9
44 24 4
4 44 6
15 54 3
61 89 4
46 87 3
7 42 4
85 93 1
42 33 8
40 87 4
88 68 5
12 53 3
95 94 5
55 51 4
2 63 3
35 18 6
67 23 1
79 89 8
78 7 8
95 51 2
52 94 7
82 34 9
96 31 7
19 71 8
76 85 7
24 12 6
81 23 2
59 41 5
20 59 5
52 36 3
53 48 5
44 51 4
79 78 6
2 43 3
33 47 1
2 0 6
87 56 4
28 34 6
96 82 1
14 48 5
30 69 3
63 33 3
82 61 8
81 0 2
68 3 5
43 89 2
46 18 6
66 6 7
53 93 6
32 55 8
68 91 6
11 88 3
87 84 3
88 26 9
37 81 7
83 93 3
14 27 9
99 24 4
41 40 6
95 70 8
65 74 8
64 20 5
39 54 9
22 76 5
82 99 2
2 90 9
69 91 2
26 88 6
67 58 2
29 9 2
85 86 4
11 96 6
62 97 4
64 62 4
66 76 9
73 68 3
31 42 1
90 3 8
65 25 3
99 70 7
93 5 5
47 69 9
0 64 9
14 20 1
11 42 7
88 80 2
16 64 2
0 47 1
55 19 1
13 30 3
37 94 3
13 27 8
60 24 6
48 50 6
81 31 3
49 75 7
13 26 7
41 17 1
37 18 9
18 82 8
15 85 5
39 98 4
92 65 5
38 25 8
3 20 7
16 62 1
23 64 4
23 80 2
42 95 9
27 97 4
13 88 6
40 31 7
64 32 9
72 68 9
4 98 5
87 38 8
71 20 5
27 91 8
44 30 1
22 45 3
94 15 6
85 12 9
1 67 7
84 55 2
74 5 4
84 75 9
75 66 5
85 75 8
7 89 8
69 7 8
32 25 1
92 27 3
75 29 1
35 60 9
4 39 7
49 41 1
91 1 4
16 96 9
53 96 9
84 45 2
93 41 8
45 65 9
21 43 9
84 23 7
6 73 1
19 64 8
34 33 7
8 83 4
77 8 4
14 40 3
89 24 5
73 98 6
94 75 2
79 32 6
90 64 1
35 64 5
3 61 7
76 55 4
82 98 1
36 89 3
71 43 3
4 29 8
97 74 1
13 33 9
29 11 9
17 40 1
5 56 7
27 78 6
80 32 6
98 84 3
76 56 2
22 61 3
58 44 4
26 56 3
47 19 5
19 56 7
57 73 8
88 19 5
84 13 2
3 97 8
36 3 1
93 97 5
36 18 5
60 16 7
19 70 4
25 5 9
49 89 5
7 16 2
7 50 3
9 88 4
25 67 3
43 90 3
24 23 1
7 11 5
51 73 3
11 51 6
14 25 4
26 80 1
48 19 3
35 26 6
3 95 4
45 24 7
62 75 5
59 91 4
90 56 2
69 68 9
1 5 6
15 51 9
10 93 7
13 97 8
65 15 2
70 62 4
94 68 3
20 30 7
95 7 9
49 22 3
76 49 6
93 19 6
45 68 9
20 84 9
31 78 4
39 65 6
76 73 1
19 27 4
10 70 2
97 32 9
98 76 6
7 34 5
68 84 5
27 76 9
1 73 2
22 89 9
29 76 9
2 98 5
21 81 9
35 59 6
12 73 8
28 51 8
44 54 8
71 15 7
34 75 9
34 55 8
97 15 2
93 74 4
47 93 8
66 9 4
46 90 7
98 91 7
34 30 1
54 66 3
71 27 3
83 4 9
43 10 9
79 53 2
55 77 6
47 64 6
33 69 6
16 97 9
97 19 1
58 64 6
73 25 1
39 24 1
20 29 5
11 46 2
38 12 6
59 72 9
98 10 3
1 70 3
43 93 9
20 90 1
14 59 7
29 56 4
94 86 7
79 38 6
54 42 2
93 47 5
75 37 6
32 62 9
40 55 7
65 64 7
2 44 1
93 36 1
82 53 7
63 37 6
70 7 9
3 22 9
80 67 5
38 27 4
35 38 5
27 21 5
73 97 2
12 43 4
92 73 4
43 77 9
93 29 8
80 7 1
13 37 4
1 79 7
88 23 1
33 99 3
16 92 7
32 77 5
8 1 5
57 98 6
71 55 4
86 55 2
90 45 7
80 27 6
60 75 4
64 73 4
84 2 4
59 52 9
69 40 2
99 32 6
84 41 1
52 83 1
96 86 5
95 17 8
58 45 6
64 48 1
65 82 3
34 85 8
49 45 8
20 72 4
92 39 9
50 92 2
89 58 3
62 92 8
8 54 6
52 12 2
34 26 5
80 98 5
87 88 6
76 43 8
98 44 6
18 26 6
24 64 7
83 7 3
8 66 5
37 10 9
49 33 3
95 80 8
13 75 2
34 58 7
27 33 5
21 44 3
0 57 6
32 45 1
95 54 7
47 56 1
96 95 5
4 28 5
58 80 7
86 24 7
81 21 3
63 8 5
50 40 2
83 30 5
24 52 2
50 28 1
77 17 8
6 51 7
48 80 8
27 55 4
39 29 5
91 84 3
43 64 4
71 38 3
51 17 3
27 48 2
53 95 2
18 56 7
74 92 2
41 26 9
16 56 6
0 30 5
99 48 5
34 63 3
94 23 4
74 35 4
32 97 9
34 82 7
45 78 3
19 3 6
4 70 9
49 23 3
77 64 4
88 3 6
18 51 9
70 90 1
97 4 4
93 27 2
98 3 4
51 9 2
93 60 2
22 67 9
44 15 4
20 37 5
35 89 7
66 71 6
4 50 9
99 28 4
68 32 7
52 82 6
67 46 4
96 16 9
32 94 8
8 85 8
86 78 2
89 36 3
57 69 1
25 13 8
17 81 8
75 11 7
94 77 5
16 27 2
22 16 7
32 66 8
63 95 1
0 44 4
55 79 6
59 37 5
64 59 9
54 64 4
0 15 8
17 19 8
47 70 3
75 78 2
15 5 1
25 30 3
0 90 8
10 26 4
82 88 4
30 84 3
26 81 8
71 39 6
91 10 9
88 97 9
4 95 4
40 41 6
83 54 7
76 38 4
62 63 6
49 21 5
71 49 2
7 10 1
19 67 4
38 35 4
77 82 7
94 22 8
47 87 1
82 32 7
45 91 9
46 93 4
63 67 3
16 9 1
81 37 1
2 52 8
91 74 2
41 14 8
72 66 6
43 96 3
11 38 7
50 61 6
23 76 4
90 79 2
6 10 7
26 94 8
55 13 2
79 66 5
25 72 3
80 40 9
50 84 1
76 98 4
96 77 9
86 63 8
89 1 7
88 28 7
71 48 1
36 60 4
40 22 2
59 85 7
65 93 2
1 77 4
40 5 7
79 2 3
18 58 7
77 62 8
1 28 2
61 58 6
72 19 9
54 68 3
86 61 3
1 44 6
15 30 7
19 66 9
47 27 4
38 96 4
13 23 9
15 4 1
6 67 9
6 20 7
38 61 5
30 75 9
36 74 2
67 34 5
54 45 7
3 99 6
92 40 8
57 32 7
98 64 3
72 46 5
20 91 7
15 46 5
51 66 7
37 67 6
47 66 2
54 94 6
28 53 9
15 55 7
49 95 7
59 29 7
1 81 4
31 60 5
59 27 4
64 90 9
13 54 4
62 11 4
70 32 3
95 23 1
65 17 5
38 56 1
72 99 1
53 37 5
44 71 1
48 8 5
80 43 7
94 20 5
23 78 4
51 25 8
15 3 4
49 59 4
59 25 8
49 77 3
6 18 8
86 62 8
70 43 8
11 0 2
74 7 3
19 79 5
45 38 8
69 88 9
36 95 4
39 99 9
21 30 2
48 91 1
17 71 5
39 90 2
63 99 5
73 83 6
59 18 9
94 78 6
54 98 4
34 76 9
72 58 4
10 75 8
82 43 7
89 14 3
42 64 3
62 42 4
59 93 6
12 3 9
83 3 6
74 46 8
72 43 7
88 49 1
69 4 7
62 68 7
22 53 6
45 0 4
33 29 7
88 25 6
97 72 8
74 88 6
2 31 1
86 99 3
51 80 7
99 66 8
77 38 5
45 22 5
14 71 6
2 83 6
67 97 8
38 98 1
30 21 6
59 44 8
74 52 9
62 55 8
44 37 5
83 41 6
13 56 2
39 7 5
65 19 6
14 52 3
14 12 8
88 21 9
84 87 4
71 0 1
7 8 4
45 94 8
47 58 4
39 66 4
94 85 8
31 9 7
39 76 5
44 33 2
90 73 5
58 81 4
74 50 3
31 58 3
20 61 7
97 89 1
18 78 8
28 10 5
36 41 3
79 3 9
80 78 7
81 22 5
35 2 6
50 48 2
92 22 5
95 46 3
32 85 2
21 16 2
31 69 5
45 86 3
88 53 4
45 73 9
55 91 5
93 24 4
42 63 3
91 13 3
68 49 7
97 24 1
5 34 6
33 49 5
48 35 7
5 3 1
12 59 3
70 11 6
81 93 9
55 22 6
68 77 7
51 97 2
75 91 2
27 51 2
20 7 1
50 10 9
4 92 8
64 50 8
16 58 5
64 66 1
72 73 2
36 77 1
94 66 6
81 29 3
80 64 4
6 79 9
20 70 9
8 62 7
37 80 4
71 73 5
73 80 6
67 18 7
4 76 5
95 78 1
45 6 4
58 26 7
64 65 3
60 38 3
54 41 9
20 77 3
13 46 1
54 90 7
95 30 2
16 39 5
94 73 3
69 96 2
93 58 5
8 91 8
60 41 4
66 38 3
36 76 9
16 28 9
42 11 5
84 9 5
25 56 2
37 82 7
17 75 3
46 97 9
31 91 5
47 96 6
54 56 5
71 23 6
66 61 4
81 8 8
4 52 7
10 73 7
54 86 3
87 20 5
54 20 1
3 87 9
80 56 2
7 3 6
60 10 4
38 73 6
18 83 4
2 59 4
12 68 3
85 25 8
85 14 7
47 68 5
63 4 6
52 58 9
0 17 8
19 23 4
29 0 7
83 24 6
82 5 3
9 93 7
79 21 1
28 29 6
50 78 3
61 46 9
32 47 5
28 50 3
62 60 8
66 0 3
87 21 9
40 20 9
42 39 1
30 59 2
12 77 2
59 38 7
63 90 5
50 23 2
39 88 6
36 48 3
3 90 2
88 63 8
56 71 6
25 51 5
13 7 4
78 21 3
46 1 5
58 20 8
80 28 9
53 3 6
18 13 7
46 99 8
59 96 5
71 72 3
54 24 9
49 61 9
21 27 6
21 72 2
25 94 6
50 49 5
56 21 1
55 68 6
94 91 1
81 15 7
68 23 8
80 49 6
17 52 4
50 62 7
9 50 6
1 38 2
19 49 4
30 42 5
26 10 2
88 58 5
99 94 7
10 96 8
65 27 9
16 78 8
23 83 4
4 77 7
3 21 4
4 18 7
38 59 9
7 13 2
88 35 4
74 9 5
76 82 8
15 35 2
81 5 3
93 90 6
92 41 5
10 40 9
77 1 3
28 4 8
74 31 6
9 26 5
77 37 1
89 83 2
85 33 1
6 86 6
26 61 9
94 25 7
5 94 6
96 52 4
88 7 7
21 95 1
31 76 8
4 87 1
19 42 2
96 27 3
14 16 3
74 15 4
97 61 6
83 57 8
35 98 9
43 73 3
25 68 5
52 46 2
12 98 8
72 29 2
75 96 4
29 34 8
86 51 7
45 50 9
60 49 6
4 20 4
80 48 3
21 24 3
63 59 2
89 45 5
37 96 8
39 73 4
65 73 1
29 6 8
83 90 9
68 62 7
90 33 5
56 87 5
46 34 9
56 86 4
17 70 3
68 46 6
3 58 5
56 31 5
46 70 7
22 47 8
54 0 1
30 18 3
59 79 1
25 0 4
36 26 5
31 30 5
53 98 4
99 90 8
0 86 3
82 68 9
77 74 3
59 61 4
87 72 4
87 54 1
50 85 8
39 18 3
52 2 4
83 20 6
48 95 4
28 84 2
91 63 8
7 81 1
20 1 8
39 61 2
12 86 9
89 15 4
68 85 9
60 27 7
76 61 3
86 5 5
83 89 2
67 93 6
46 22 5
28 99 7
89 59 8
76 92 6
3 0 4
29 7 8
60 23 8
58 22 5
28 37 8
73 6 8
79 33 2
15 94 2
1 98 2
70 33 3
40 69 3
58 94 8
72 94 8
44 73 9
75 71 5
86 81 5
56 62 1
45 89 7
71 7 7
17 73 1
56 60 7
32 36 1
5 70 9
4 0 2
22 42 6
52 68 8
61 60 5
12 2 5
30 38 1
20 40 6
13 55 4
21 42 4
85 78 3
48 47 1
35 44 3
5 96 4
93 62 6
99 95 9
54 36 9
75 44 7
73 11 9
88 72 1
4 66 8
57 94 3
53 46 2
48 0 8
8 68 9
44 66 2
72 15 7
50 89 5
80 76 1
95 72 4
62 16 5
78 81 3
67 45 8
47 50 5
92 61 8
50 3 4
29 99 1
29 3 2
16 90 9
82 42 9
22 3 2
39 72 8
38 63 3
35 39 8
44 96 4
68 65 1
41 92 2
0 77 6
35 7 1
6 34 3
74 72 3
81 72 5
20 11 9
0 13 8
64 26 4
38 45 9
12 37 5
84 22 5
36 25 9
65 48 2
96 66 9
21 63 9
30 96 8
44 2 3
97 33 4
6 33 5
5 98 4
61 28 5
72 51 1
47 25 6
60 77 6
48 3 7
55 74 7
54 79 8
2 80 1
83 95 6
79 97 5
91 25 3
19 22 8
28 47 4
49 20 3
7 82 3
56 0 4
90 60 8
1 29 3
33 26 4
98 26 3
54 3 7
40 26 6
67 17 7
60 86 9
48 45 9
56 4 2
96 62 5
33 8 2
22 75 5
75 23 9
8 63 3
52 39 3
4 40 4
46 69 5
23 22 4
29 27 9
14 75 6
70 61 9
60 89 2
57 8 2
88 82 3
21 25 7
33 93 3
64 41 3
91 77 2
26 58 7
7 55 1
44 56 9
65 58 3
15 16 7
59 94 9
1 4 9
8 73 3
31 35 8
22 57 1
54 55 1
78 32 4
19 83 8
96 84 8
61 6 8
98 90 5
44 99 7
52 44 6
28 72 3
17 61 9
90 14 8
37 43 3
27 4 2
61 76 4
31 40 2
21 12 2
79 4 9
58 43 8
1 91 1
38 97 9
4 97 4
23 35 6
17 89 5
6 52 1
9 81 2
12 81 5
13 51 8
52 55 2
53 33 5
20 66 2
51 59 3
79 83 5
2 8 4
3 9 1
33 58 6
4 67 8
80 91 9
49 74 5
17 74 7
75 80 6
77 85 7
44 53 1
99 73 4
82 19 3
21 17 3
51 12 6
47 85 9
84 4 4
88 51 5
31 0 7
37 61 3
54 58 4
72 30 4
12 94 7
51 68 2
19 28 5
41 68 1
50 31 4
89 94 5
36 13 7
70 37 4
60 4 4
14 90 7
98 61 8
45 30 2
29 4 3
92 46 8
40 65 5
84 40 7
73 70 1
86 89 3
23 81 7
58 93 3
47 18 7
52 4 7
58 30 1
22 68 9
7 51 9
2 45 9
25 1 5
89 85 7
10 15 2
42 6 6
83 85 8
49 36 7
74 42 2
35 29 4
19 48 4
72 8 3
95 29 7
16 60 4
23 74 1
76 50 2
83 56 9
91 21 7
70 96 6
46 92 4
26 19 2
50 32 6
53 65 8
15 59 2
5 19 4
67 50 7
60 58 9
4 36 1
33 48 7
84 60 5
28 26 7
94 35 9
54 9 1
80 13 5
13 65 7
34 1 9
8 38 4
63 7 7
75 98 3
33 59 8
75 72 1
83 48 4
84 78 5
31 18 1
59 69 4
90 27 7
42 5 5
31 12 4
85 42 9
97 73 3
88 86 5
29 60 4
80 39 7
68 11 3
31 51 9
30 83 2
31 39 2
46 3 5
48 12 8
90 92 3
52 29 2
7 9 4
2 69 1
8 55 8
83 15 1
44 65 6
64 22 8
28 27 9
0 68 8
38 40 8
23 46 9
39 96 8
16 70 8
95 25 5
3 44 9
21 64 8
62 84 5
40 0 4
14 50 5
58 10 4
68 25 4
20 27 1
96 58 4
97 40 6
93 79 2
97 5 4
5 46 3
39 43 1
2 76 2
94 37 8
9 15 7
5 45 2
64 88 1
34 16 7
63 81 7
6 45 9
64 44 5
68 15 3
66 96 4
79 31 3
13 6 8
18 42 9
86 73 4
42 44 7
49 97 3
3 33 1
79 28 5
13 68 5
79 84 2
40 12 4
81 56 5
56 78 3
91 65 3
33 44 7
93 84 2
11 68 7
11 36 2
95 58 9
8 72 1
29 40 8
4 64 9
91 16 9
52 21 6
78 64 7
42 43 6
15 45 5
62 54 7
74 66 2
61 14 7
26 70 7
58 51 5
30 34 7
15 27 2
22 14 5
95 33 1
91 42 7
26 18 5
62 5 5
99 72 8
2 14 1
67 95 4
21 2 6
95 63 2
71 13 2
71 80 2
85 29 4
1 95 3
65 81 2
98 81 2
94 19 4
83 88 6
44 83 7
46 73 9
50 22 6
85 2 7
0 93 4
73 42 4
37 41 1
35 93 4
48 44 8
25 78 4
90 36 9
1 35 5
45 3 9
66 24 2
34 91 1
29 93 2
70 2 3
72 32 6
52 6 3
63 26 8
98 35 2
59 98 5
12 38 2
77 23 9
99 98 8
26 5 1
68 87 1
19 5 1
72 47 5
44 50 4
85 83 9
31 22 4
12 52 8
96 44 5
52 85 6
23 27 4
69 77 5
78 1 7
81 55 4
72 22 2
0 8 9
1 84 7
85 58 1
45 58 7
89 74 9
39 68 5
37 0 7
33 84 2
31 16 3
82 69 9
65 79 7
77 50 8
14 32 3
2 91 5
82 50 8
17 13 9
79 96 9
12 92 9
59 90 9
11 10 2
62 43 2
77 93 9
34 27 2
54 31 5
50 99 9
12 34 2
90 41 1
0 88 7
97 41 6
59 45 5
69 81 4
93 73 9
73 52 6
30 46 7
5 41 5
28 88 7
53 87 3
61 68 2
86 95 5
29 98 9
64 10 5
20 45 1
57 6 8
95 4 7
34 8 5
95 89 9
45 44 4
22 63 2
15 77 3
85 68 6
68 2 7
59 40 9
45 64 8
79 26 3
69 29 3
96 94 5
82 74 1
95 42 9
20 35 8
8 58 2
25 83 8
34 70 6
53 44 4
58 38 6
25 98 2
16 66 9
60 99 2
64 12 1
45 4 8
23 51 7
30 31 2
10 91 5
3 50 5
46 5 5
41 66 8
94 9 9
10 60 6
67 85 2
23 41 1
91 82 8
25 92 9
67 21 3
83 52 5
95 21 2
95 31 9
28 6 4
21 28 5
55 31 8
69 84 3
78 22 1
68 28 7
90 13 3
14 98 8
21 37 4
70 40 7
11 85 6
85 94 9
91 71 4
37 88 2
66 14 9
91 44 4
83 49 5
2 88 8
67 41 3
33 96 4
88 9 8
71 9 3
85 76 6
89 46 1
96 24 1
90 30 1
88 5 9
45 61 8
85 97 2
44 63 8
93 22 4
28 66 6
86 46 2
25 14 9
52 27 9
6 71 1
38 58 4
24 84 7
99 49 4
75 52 9
38 34 4
4 6 9
29 65 4
85 87 5
12 64 1
68 22 6
0 96 9
89 4 1
54 48 1
33 53 3
94 11 5
97 82 9
15 63 8
48 4 9
62 95 3
49 39 7
56 17 7
47 28 1
7 84 9
61 11 8
18 93 4
46 59 7
60 31 9
37 93 8
18 16 3
23 11 1
68 63 2
4 35 1
11 40 3
29 64 3
67 55 9
92 0 1
83 40 5
1 51 6
89 56 3
60 54 6
81 62 9
84 97 1
34 96 5
23 60 1
98 50 9
68 44 5
10 21 9
21 35 6
51 23 9
84 6 3
98 42 6
85 84 7
34 62 7
28 64 5
6 32 3
86 67 1
77 19 9
41 49 9
78 71 1
55 73 7
38 92 2
56 50 7
79 91 9
39 71 3
48 2 1
24 85 5
55 16 3
87 29 9
81 89 8
15 33 7
16 12 7
22 66 6
86 4 7
11 52 6
97 38 9
65 72 9
73 39 5
18 68 8
41 10 1
95 73 9
80 36 5
84 32 8
56 14 9
97 60 8
41 19 3
68 34 6
27 90 6
5 58 2
39 33 5
84 19 2
57 41 1
30 48 4
50 21 4
2 97 4
44 48 7
90 10 3
62 85 9
71 94 7
89 2 6
53 58 2
49 80 8
69 49 1
49 30 5
13 89 6
10 59 6
84 31 9
17 27 5
61 97 3
44 74 2
92 43 7
8 90 8
19 39 2
38 55 2
56 73 9
91 27 8
72 9 9
21 45 1
89 76 4
59 23 5
41 83 7
50 9 1
13 20 7
80 57 9
42 88 1
67 36 6
86 36 4
33 23 5
98 71 2
61 42 5
73 3 3
80 65 2
60 88 5
4 24 6
70 36 7
52 48 6
73 92 9
15 53 2
30 73 1
27 39 5
9 39 8
23 47 6
79 43 4
28 42 6
57 46 9
72 38 4
70 29 8
49 42 2
0 26 9
16 8 7
53 78 2
97 86 9
41 42 7
88 32 9
55 38 7
6 39 1
65 59 9
66 83 4
21 52 6
15 74 9
96 68 8
12 78 4
11 8 5
40 84 8
11 63 8
36 42 4
20 48 6
54 43 2
56 74 7
90 84 1
48 86 3
87 89 6
6 17 4
76 51 6
37 26 7
86 72 2
61 67 8
53 42 9
75 4 4
30 89 1
98 62 4
17 93 3
7 30 5
40 83 2
62 81 9
45 25 7
3 23 2
49 11 3
51 49 5
98 19 7
14 96 8
42 25 2
96 74 9
8 44 5
30 85 9
8 46 5
41 38 4
96 67 8
32 12 8
99 79 5
77 52 7
60 14 1
72 7 9
17 28 6
79 14 4
48 70 7
29 38 3
91 33 6
63 21 3
62 1 6
58 33 8
83 78 7
82 62 1
17 51 5
5 50 6
83 84 1
48 65 4
66 84 4
35 87 5
11 64 7
93 30 3
1 19 4
25 26 5
9 20 7
79 59 7
33 61 8
84 34 4
75 36 1
45 59 3
79 63 6
17 4 9
38 52 7
79 20 4
68 19 8
68 6 5
87 0 3
2 22 8
54 75 4
7 45 6
40 15 3
95 90 3
86 88 9
47 29 5
89 78 1
25 29 6
22 91 4
32 53 9
53 2 7
21 80 4
1 69 6
51 93 2
30 37 2
51 60 6
60 3 6
19 89 2
25 34 8
10 9 1
58 40 5
53 34 6
26 36 6
85 34 5
82 12 6
30 93 4
72 60 1
20 53 9
82 6 7
29 67 7
1 47 8
51 27 6
77 67 9
25 21 7
99 37 4
22 40 6
8 25 2
8 92 1
86 52 6
85 67 8
78 50 6
32 20 8
15 19 1
16 69 2
88 76 8
7 94 8
71 44 6
84 85 8
15 90 4
16 67 6
17 25 7
8 16 2
34 7 1
37 68 6
1 59 1
46 44 9
7 24 9
71 17 2
56 45 6
6 31 9
6 74 3
0 22 2
31 94 4
9 10 9
79 95 4
28 94 9
41 33 3
93 81 8
11 82 5
79 22 3
14 10 5
76 8 2
7 26 9
84 96 4
11 13 1
74 4 9
51 33 5
90 68 7
81 32 4
98 46 5
23 7 8
78 63 7
76 41 6
80 75 2
40 74 9
28 13 6
4 9 9
72 88 1
89 3 5
77 0 2
67 76 5
7 70 5
57 2 6
84 72 7
1 30 6
2 9 2
80 62 9
60 63 1
5 1 9
56 77 5
2 50 4
56 3 1
62 99 7
21 5 7
86 75 8
57 76 1
85 70 3
21 99 6
74 18 4
70 74 7
68 92 7
88 16 2
92 54 3
18 52 4
22 58 3
40 21 8
86 84 9
44 8 3
91 30 7
70 54 4
90 55 7
61 75 8
8 18 9
3 1 9
26 35 9
8 2 5
50 95 9
20 8 2
86 20 9
26 95 2
67 38 7
67 15 2
61 5 7
92 38 5
21 76 3
73 21 7
81 33 7
33 9 2
42 91 8
41 8 5
18 86 4
29 57 3
13 67 6
54 65 1
43 37 8
35 11 4
78 20 3
57 29 6
93 59 9
40 78 7
31 49 5
41 69 8
54 53 4
14 63 8
66 56 7
63 75 9
78 73 3
36 28 3
40 50 2
10 17 3
90 4 1
61 72 1
67 44 8
53 22 9
46 37 4
70 19 5
31 87 4
1 26 8
92 78 2
66 30 3
61 0 6
37 30 1
93 95 6
39 87 8
86 74 5
85 49 2
39 62 9
51 88 2
61 21 1
94 88 4
35 6 7
25 97 4
57 49 1
42 47 7
90 7 1
32 80 3
13 17 1
88 6 7
8 29 4
39 60 3
53 66 4
31 83 3
90 46 3
14 80 9
29 12 2
48 93 9
10 74 7
32 79 1
59 81 3
60 70 9
67 73 1
14 19 8
35 17 6
20 5 1
48 61 5
86 16 4
0 38 8
97 37 3
86 17 9
28 76 7
41 96 5
51 7 3
65 86 2
32 91 7
42 56 3
74 40 7
69 79 5
15 32 4
56 6 9
92 25 2
11 86 2
54 76 7
54 32 4
48 36 7
91 5 9
27 24 9
15 2 8
38 5 1
57 56 8
83 33 2
9 37 4
78 59 1
2 54 7
84 58 2
85 54 2
36 37 6
74 59 7
77 97 9
83 75 2
11 47 3
79 85 8
68 71 5
14 83 4
76 20 7
2 3 6
69 62 7
10 34 5
37 35 3
0 66 3
54 18 7
98 17 8
93 21 2
46 6 8
75 46 8
30 23 3
21 83 9
23 71 4
30 28 5
48 54 2
25 4 6
64 45 2
27 67 5
27 23 6
89 63 5
96 39 5
96 7 7
56 13 2
36 85 5
35 85 1
96 81 6
35 45 4
10 86 3
97 75 7
49 47 4
96 65 3
18 95 1
31 28 5
89 80 7
45 62 9
67 92 8
60 67 6
5 32 2
24 92 1
61 4 4
39 4 7
90 63 5
56 63 7
56 51 5
97 34 4
89 91 7
84 69 8
13 77 8
78 8 5
82 92 2
5 37 7
48 94 6
54 39 5
5 64 2
5 90 4
88 66 6
20 36 3
82 45 3
63 15 2
77 32 5
5 87 9
39 58 8
54 44 6
11 26 6
80 74 1
46 95 8
35 55 9
64 40 1
18 39 5
16 88 1
8 99 2
63 35 6
74 55 7
83 69 9
18 84 3
61 41 7
15 24 2
90 15 5
50 45 3
56 91 9
66 11 4
0 67 3
57 0 4
18 1 6
19 87 5
57 17 9
60 78 8
28 65 6
80 93 3
4 99 8
29 83 6
9 95 3
63 79 3
41 55 1
91 46 8
71 33 4
41 93 5
96 36 7
32 65 7
29 18 1
99 9 8
47 23 8
58 41 8
10 38 2
86 49 9
25 77 1
87 23 6
77 69 1
31 64 5
5 92 5
99 29 5
18 63 6
17 63 6
17 35 1
85 96 5
10 82 6
97 53 4
47 78 1
98 37 5
75 33 4
49 51 6
51 35 2
34 5 7
76 10 2
62 9 6
4 37 7
27 77 2
11 35 3
71 42 9
66 46 9
25 6 9
51 2 4
57 85 5
5 78 5
3 94 4
1 94 3
3 96 5
16 91 6
23 40 5
7 75 5
0 97 7
59 48 8
43 56 7
23 92 4
36 90 9
3 52 3
78 37 9
11 67 9
6 28 5
62 53 2
70 58 6
67 80 8
93 20 8
21 79 9
57 67 1
5 22 1
14 73 2
52 88 2
53 47 2
88 46 3
41 16 5
11 90 4
83 13 3
33 60 5
89 11 6
8 39 1
64 60 1
2 13 1
15 44 5
64 37 7
77 12 4
56 46 7
30 0 3
15 28 7
32 13 8
10 39 3
23 93 5
31 38 9
83 76 1
73 24 3
15 26 4
69 39 6
46 38 6
81 25 7
44 32 1
29 35 3
66 3 3
45 21 4
57 53 7
19 82 9
94 59 3
31 13 2
9 16 2
3 82 8
72 77 3
72 16 8
35 72 5
47 14 3
63 61 7
19 47 4
8 31 3
67 94 5
75 77 3
56 94 5
21 87 9
87 9 2
67 47 9
55 56 4
89 10 7
56 93 6
91 36 4
41 82 3
34 71 7
61 31 1
71 22 7
61 8 2
35 40 8
38 94 8
45 19 8
48 58 4
76 91 7
92 49 4
79 18 1
24 74 6
23 79 6
97 87 7
25 18 4
31 97 9
57 22 1
38 13 5
55 5 3
26 53 8
54 19 1
60 36 6
24 90 6
84 66 9
39 6 9
62 27 5
10 32 2
38 54 3
25 43 1
61 45 7
1 97 6
10 72 7
57 4 7
72 57 4
86 21 7
41 72 6
9 74 4
93 82 9
48 87 2
67 37 7
31 74 7
47 62 5
23 97 7
88 4 8
59 32 1
91 75 5
9 57 5
70 6 8
92 11 7
15 48 9
49 6 5
6 13 6
63 16 3
15 58 2
26 55 8
57 96 5
8 33 5
33 42 5
56 8 8
10 95 1
85 27 2
95 44 5
28 35 7
7 65 8
82 80 2
24 19 4
24 53 9
94 40 6
15 8 8
91 57 1
90 25 1
85 69 1
19 8 5
35 84 1
11 76 5
68 24 7
58 53 9
69 1 1
55 70 1
18 99 5
23 18 1
37 33 8
62 32 2
7 97 6
35 36 9
24 60 9
98 38 4
87 61 8
21 0 5
20 6 9
19 75 6
7 64 5
48 17 4
92 16 1
64 42 1
18 64 5
1 42 4
19 18 7
24 37 3
84 64 7
4 38 9
33 74 9
35 23 8
17 46 1
92 75 7
39 8 9
40 42 6
1 34 7
1 15 2
56 98 2
53 79 6
87 36 1
81 61 2
97 12 3
80 12 1
24 91 3
20 52 8
10 16 2
60 82 6
55 33 8
49 63 7
45 56 7
85 18 5
32 6 3
3 68 1
87 80 8
22 79 3
46 31 9
25 57 9
33 3 6
99 92 4
4 65 3
22 74 5
22 60 4
55 97 3
75 90 5
87 60 1
58 96 4
90 40 4
6 57 7
2 99 4
8 12 9
25 39 8
88 15 6
87 63 6
47 95 9
51 54 2
63 1 6
86 58 1
72 93 8
1 64 6
11 39 2
57 43 4
19 84 6
65 16 9
71 6 6
33 77 1
24 96 1
99 43 5
93 3 9
46 83 3
58 15 1
45 7 4
70 27 5
79 35 8
68 9 3
77 98 4
5 95 4
62 26 1
14 66 7
39 53 8
1 71 9
8 95 2
15 11 6
7 43 6
88 22 4
81 91 2
45 29 7
94 63 1
43 17 4
4 32 6
80 88 8
57 74 4
2 84 8
51 74 4
98 0 8
3 6 1
67 1 2
0 55 1
80 82 1
5 42 1
59 99 2
84 95 4
53 94 5
10 77 9
30 99 8
39 95 8
37 84 9
87 76 3
71 16 9
57 14 9
55 69 5
99 54 8
89 71 8
67 89 2
60 28 3
13 31 8
94 87 8
16 17 8
73 35 7
1 25 8
37 87 2
16 3 9
65 41 9
21 69 6
26 37 7
89 17 1
42 34 6
77 65 3
10 8 3
31 20 8
48 1 6
48 81 2
92 88 2
40 36 7
8 3 3
8 59 8
7 22 6
0 85 8
85 20 7
70 18 7
9 51 4
42 74 6
90 67 2
24 82 2
7 69 2
18 2 1
21 62 2
73 31 3
40 44 7
67 29 8
79 64 1
50 7 1
81 6 5
74 44 1
1 23 3
44 69 2
56 99 6
65 62 6
58 7 1
45 52 6
8 36 1
37 58 4
54 47 3
93 51 3
78 14 1
35 21 9
72 63 2
63 47 4
69 60 9
37 83 7
22 29 5
41 77 5
92 67 1
67 53 7
55 87 2
94 70 7
3 11 9
30 19 1
4 14 2
79 23 4
18 55 5
98 72 7
50 27 4
29 91 1
24 28 1
49 43 1
73 79 4
33 86 8
89 79 3
77 22 2
49 10 4
73 53 3
68 37 2
72 35 3
9 33 4
27 53 8
69 92 4
95 19 3
41 63 7
77 39 4
32 52 4
33 57 2
98 13 7
92 51 7
56 72 7
77 63 4
66 87 4
3 42 9
40 99 2
42 97 4
49 4 9
92 4 6
12 60 3
52 41 2
14 45 5
65 69 8
38 77 9
21 34 6
87 3 7
41 30 9
55 61 2
62 22 9
9 27 9
13 90 3
99 60 7
69 52 7
11 75 6
28 33 1
28 38 1
58 54 9
16 47 6
97 20 6
1 53 6
12 29 9
80 85 6
95 22 8
8 41 5
70 52 7
99 82 3
77 89 4
59 46 6
1 8 8
69 13 2
43 46 6
44 20 7
17 23 5
59 80 7
73 10 1
5 13 1
88 91 3
12 85 5
21 38 8
24 30 4
24 94 8
66 49 9
77 6 7
44 16 7
19 34 1
45 39 2
56 97 3
39 78 9
75 63 9
53 60 1
24 83 1
42 15 5
1 40 6
42 70 8
2 56 9
4 96 8
33 32 2
10 48 7
60 25 6
32 17 7
55 67 9
54 69 1
48 53 4
46 36 7
55 85 7
97 49 3
98 74 4
5 15 7
44 76 6
38 2 4
90 32 7
27 50 4
13 94 5
47 45 9
26 6 9
36 86 2
32 22 1
40 80 6
36 20 6
69 24 9
83 39 1
40 77 8
82 40 7
42 59 2
14 34 4
31 70 4
51 57 1
30 92 7
35 42 9
45 36 3
64 85 5
52 86 6
64 8 7
8 0 6
73 91 9
79 24 8
16 10 6
12 9 1
71 60 9
26 57 8
2 82 8
3 79 8
62 72 1
52 0 9
19 30 2
24 3 2
30 62 4
71 79 2
83 63 7
28 58 7
66 35 7
77 4 7
73 30 6
76 66 8
60 2 9
46 98 8
48 79 5
2 66 5
56 2 4
82 13 2
72 4 8
30 58 7
92 72 8
62 79 1
34 56 8
49 65 4
87 65 8
34 0 7
96 15 3
8 65 3
82 33 1
17 65 2
69 6 6
60 57 9
57 77 8
56 53 8
29 70 8
10 55 5
18 67 1
70 60 7
65 63 8
65 30 2
94 33 2
87 69 7
62 7 5
65 39 2
42 2 4
4 85 1
43 9 5
65 18 5
7 78 7
97 50 1
50 98 2
98 12 8
73 38 6
21 22 8
31 63 9
45 9 1
72 12 8
55 59 8
27 73 4
7 56 8
74 81 5
56 76 7
71 77 4
76 75 5
79 50 1
48 6 3
44 18 9
87 5 5
30 65 2
2 18 6
37 99 4
75 84 6
73 8 9
30 44 7
48 67 7
53 76 7
96 14 1
55 98 9
81 78 9
35 24 7
7 71 4
73 43 1
28 12 9
15 9 4
43 42 4
63 69 2
98 2 7
9 98 1
62 2 2
46 25 5
2 17 1
23 29 1
74 94 4
96 64 1
70 71 4
70 97 5
79 39 3
82 56 3
41 70 7
74 71 6
15 42 1
10 69 3
52 74 2
10 89 6
37 38 7
1 72 1
18 6 8
23 99 5
96 21 1
82 20 3
82 0 8
57 24 7
54 70 7
30 12 8
70 65 9
70 47 7
90 78 3
96 57 2
42 78 8
64 80 9
65 20 5
78 93 4
33 10 8
10 24 4
26 15 3
14 33 1
42 27 3
30 86 5
59 42 5
90 77 6
85 10 9
64 91 7
53 51 4
88 98 9
4 74 1
81 87 3
5 99 3
93 54 4
67 4 6
15 21 1
47 57 8
81 26 8
48 89 6
53 61 5
60 42 7
55 96 5
37 66 2
89 97 1
88 69 9
56 22 9
29 49 6
97 71 7
7 88 3
70 91 3
88 56 1
34 87 7
65 38 1
71 97 9
25 76 7
30 94 4
32 50 3
15 37 5
17 59 1
20 26 4
35 34 1
66 51 1
82 35 4
98 52 8
31 19 3
7 72 7
63 88 5
94 52 8
86 19 5
98 65 5
48 85 1
62 34 4
10 11 8
38 90 8
80 42 8
72 40 6
26 86 7
47 60 8
54 89 4
16 55 9
58 57 9
12 69 2
35 25 9
58 48 5
65 80 6
65 56 2
14 60 2
2 73 9
29 46 6
25 15 5
85 50 4
0 98 2
85 39 8
70 51 4
31 84 2
62 86 5
63 10 2
7 90 6
41 85 3
56 80 2
15 22 7
77 9 6
92 47 5
94 95 7
41 84 3
33 80 2
32 82 6
9 7 1
85 0 6
69 18 4
31 50 9
13 39 6
71 63 7
24 31 6
19 92 1
22 56 2
34 81 8
66 39 7
30 81 1
61 79 5
42 46 5
94 26 7
79 65 9
45 37 3
18 98 2
17 85 5
57 35 3
52 81 2
6 78 9
3 72 2
70 24 3
89 32 4
17 64 6
53 8 3
66 57 7
35 46 1
17 5 7
22 48 2
66 28 5
17 7 5
71 14 2
89 72 4
94 71 5
25 3 6
27 70 2
88 90 9
28 68 1
90 26 2
38 83 6
69 20 4
42 10 5
63 5 3
38 28 4
76 23 1
21 82 3
88 1 1
29 59 3
45 60 4
29 44 5
95 53 7
89 47 1
24 17 7
43 78 9
60 46 5
49 3 4
66 12 9
0 9 5
99 4 5
62 18 1
87 97 1
78 12 9
18 33 8
68 40 6
54 57 1
41 15 4
18 43 8
28 79 4
62 71 4
78 42 3
23 57 4
97 11 9
73 77 5
8 7 2
56 16 2
60 37 7
52 1 1
44 39 3
86 41 5
33 38 8
83 74 6
53 9 4
16 32 7
17 56 6
54 67 5
21 78 7
28 9 8
22 25 7
59 0 3
72 6 6
64 95 5
79 80 4
18 40 4
84 51 2
17 62 8
76 36 7
3 93 6
99 51 6
52 23 3
47 94 1
93 86 2
18 14 6
36 67 6
98 7 8
63 31 5
69 33 8
83 98 7
11 79 4
70 75 2
37 19 5
78 39 6
76 83 9
29 53 3
11 53 3
51 83 5
66 68 5
6 60 7
26 99 4
29 14 5
87 48 1
97 96 7
47 86 8
32 87 2
67 79 7
1 49 6
52 57 5
85 71 7
46 76 6
24 99 7
12 5 9
79 27 6
23 73 8
77 45 9
6 16 4
59 9 2
33 51 1
87 95 9
36 53 8
27 62 2
50 43 6
28 86 1
5 68 3
58 3 2
36 80 9
37 49 6
81 60 9
16 24 4
6 68 6
82 47 7
98 82 1
36 4 2
12 83 8
61 96 3
60 26 4
15 57 9
54 74 4
78 86 2
32 43 7
42 84 3
84 86 4
39 93 9
44 72 5
50 58 1
75 58 4
43 5 7
59 10 8
64 58 8
41 35 8
32 24 5
91 45 9
84 38 1
40 92 9
17 32 8
37 74 8
22 80 2
27 32 7
59 35 6
85 66 4
90 11 1
51 62 1
83 8 3
27 7 2
92 18 9
33 97 1
71 30 2
14 69 1
35 91 9
97 62 3
58 66 6
1 80 9
11 94 4
51 79 1
44 97 9
50 13 2
1 12 3
23 90 1
2 1 3
46 9 7
52 62 7
34 36 5
86 26 1
97 43 6
81 44 5
67 62 1
92 98 5
60 35 8
4 57 2
28 57 8
94 3 1
79 90 2
9 70 9
70 25 6
23 42 4
91 43 5
67 24 5
92 71 7
4 62 7
12 35 8
26 74 5
22 27 9
31 34 8
46 42 6
38 53 1
55 35 5
50 90 8
95 24 9
13 84 4
83 5 7
81 64 2
38 68 7
52 49 1
59 88 4
89 51 7
81 19 5
89 20 8
89 96 9
69 65 3
70 68 2
36 34 6
77 68 5
75 94 9
52 98 4
22 5 7
92 90 4
21 96 7
55 58 9
21 61 3
90 95 6
7 12 5
52 31 2
73 23 7
64 99 6
48 98 9
80 2 5
11 98 5
34 44 9
75 89 3
25 49 6
17 10 8
72 1 7
27 26 9
74 53 1
55 78 6
91 48 1
40 89 7
32 40 5
87 66 9
50 87 3
14 76 7
63 92 4
47 43 2
72 78 6
34 83 6
5 16 3
81 2 5
28 3 6
66 99 7
27 8 4
41 3 5
14 9 8
16 93 9
68 97 5
58 88 8
32 39 6
65 51 1
99 35 6
93 35 8
8 40 4
74 23 6
22 88 4
46 20 6
22 78 7
94 54 6
33 75 8
72 70 9
43 19 5
59 17 2
0 37 2
94 49 7
5 7 8
54 38 7
41 73 3
5 84 2
83 79 1
9 59 5
80 79 5
63 50 4
34 42 7
91 98 8
17 53 9
14 42 8
98 1 7
94 64 6
37 62 7
21 93 6
46 19 5
55 27 2
3 65 9
32 28 2
62 77 4
51 11 1
13 38 5
19 4 4
63 65 3
24 5 3
93 9 8
64 43 7
82 2 5
92 33 1
65 7 2
38 65 2
8 34 5
93 66 5
49 31 4
74 70 1
12 27 2
99 31 3
29 75 5
26 1 1
73 95 9
18 0 8
77 96 3
52 9 3
33 17 9
44 27 6
91 66 7
67 83 4
56 67 5
87 82 6
14 8 8
77 29 6
13 42 6
8 47 1
35 80 6
50 80 5
22 70 7
5 69 5
26 27 3
93 6 8
82 18 9
63 28 8
22 33 7
81 17 8
61 13 3
42 51 1
61 12 2
64 21 1
20 95 2
41 67 2
74 26 3
93 87 8
35 49 1
79 13 2
78 44 7
88 59 4
93 25 1
25 11 1
43 55 1
59 36 7
13 91 5
3 67 5
96 19 8
21 59 4
72 82 5
66 60 9
4 43 1
86 65 9
46 39 8
34 60 5
38 44 9
37 14 2
57 47 5
77 47 3
73 71 9
86 53 8
57 42 4
5 40 3
88 96 9
84 50 4
77 91 5
65 34 3
11 72 4
85 65 5
23 54 8
46 96 4
75 20 9
4 68 4
22 41 9
23 89 2
0 95 1
51 19 3
38 23 5
95 56 3
65 55 1
33 98 6
11 22 7
98 68 7
59 89 8
72 50 9
80 86 4
63 87 6
32 93 7
15 7 2
74 54 3
7 35 2
78 62 6
42 60 6
58 79 9
6 4 5
87 49 7
90 16 3
38 91 9
15 71 1
48 83 8
32 16 7
69 58 4
79 8 3
38 43 5
13 0 8
14 77 9
15 31 6
58 71 4
21 41 4
80 63 5
93 26 7
99 0 4
66 21 8
20 42 7
53 56 8
57 58 2
55 49 3
99 87 2
37 34 7
55 65 1
79 29 1
2 67 8
84 88 1
15 36 1
17 47 3
28 30 4
9 5 7
67 98 8
64 47 4
16 52 8
10 51 3
3 36 6
55 47 1
88 42 4
98 66 7
4 82 7
83 1 4
18 50 4
17 0 4
23 3 5
12 24 9
53 85 8
31 25 5
58 69 2
66 58 3
98 93 7
72 23 4
76 72 3
97 28 9
58 25 5
29 31 3
27 71 9
97 42 1
47 40 3
4 84 8
79 46 2
87 6 9
67 32 3
32 30 4
71 1 1
61 48 3
65 92 1
82 8 8
79 7 1
12 31 7
0 1 9
64 97 1
5 43 6
37 20 9
70 64 5
23 68 9
25 9 7
73 61 5
49 57 1
46 63 1
84 53 8
90 35 8
26 89 5
28 60 4
76 26 8
11 78 6
6 24 6
33 37 9
67 63 8
95 60 8
11 84 4
30 90 9
64 84 4
63 3 7
5 6 3
7 83 6
41 78 3
35 32 4
85 57 9
34 38 7
5 23 7
37 59 2
0 82 5
59 67 4
66 32 3
72 17 8
84 7 5
64 86 7
61 24 2
23 25 1
75 61 3
58 92 2
55 34 1
20 49 8
17 55 6
34 49 9
87 57 2
50 56 5
34 99 7
90 96 2
38 29 8
79 45 9
28 62 4
23 62 6
76 94 3
20 15 6
69 27 3
18 21 9
63 34 7
20 68 2
87 91 9
69 57 2
29 96 6
19 85 3
91 99 8
43 97 9
29 89 7
51 98 8
38 1 5
6 53 1
42 68 3
95 75 4
56 48 2
29 26 3
94 61 6
99 61 1
9 80 7
52 5 4
91 0 5
51 71 9
26 75 6
83 73 6
60 91 4
34 66 7
20 46 7
36 11 8
59 95 6
0 83 7
33 18 2
82 1 1
37 2 2
81 68 1
90 99 7
92 32 1
14 49 9
63 60 6
81 74 4
26 32 5
89 93 1
95 8 2
10 47 8
38 49 6
11 9 8
57 81 9
57 54 8
99 20 3
44 40 5
3 57 3
11 17 4
90 48 6
18 96 6
89 5 7
43 44 5
31 65 3
89 98 9
65 77 1
60 95 2
88 71 1
47 59 6
76 79 2
11 71 6
16 31 4
60 5 1
62 45 6
64 25 2
50 76 8
0 59 7
25 32 4
11 45 1
19 38 7
58 68 4
22 38 4
18 79 3
85 79 3
44 42 6
36 0 1
1 32 9
15 34 5
43 58 9
26 49 3
26 87 5
48 78 5
56 64 5
42 50 1
46 75 2
43 63 8
24 97 5
10 46 1
57 23 9
71 93 5
69 15 9
49 54 7
44 59 5
22 65 1
22 84 6
85 40 3
51 44 7
27 1 6
4 71 1
89 22 2
96 93 3
4 5 7
76 18 4
16 94 9
55 44 5
77 49 2
20 88 3
49 18 5
38 14 7
96 72 8
16 43 2
60 32 4
74 16 4
28 93 8
49 1 5
24 57 5
63 6 8
67 54 2
82 36 7
0 69 8
65 6 5
43 71 5
49 28 5
82 95 3
28 49 6
18 8 7
45 26 2
30 3 4
15 83 6
6 21 4
69 28 8
80 30 6
27 75 5
36 71 6
3 37 1
24 75 3
79 6 8
49 83 7
50 53 7
87 81 7
52 70 2
32 64 8
70 39 3
18 25 4
68 43 4
35 15 9
75 45 7
26 83 3
13 5 1
18 88 8
57 89 4
72 44 3
68 70 8
26 67 7
89 38 1
12 97 6
39 25 7
52 10 3
67 88 1
23 17 6
83 9 3
71 85 9
63 20 1
43 40 3
99 58 8
85 55 1
49 88 5
8 49 9
64 29 9
63 97 4
78 90 2
98 77 6
3 75 4
21 19 1
32 75 4
11 19 9
82 41 9
0 14 1
87 26 6
66 33 6
90 19 4
15 66 2
64 28 7
61 63 2
67 25 8
5 97 1
25 69 2
97 52 3
6 40 3
25 93 2
99 14 6
73 57 2
67 70 9
49 14 1
7 74 7
97 69 4
47 51 5
40 61 2
30 70 4
76 40 8
32 23 7
18 35 1
96 9 5
56 41 8
45 98 7
83 99 2
80 16 8
76 89 4
76 57 3
29 36 1
68 14 3
32 72 9
0 20 3
70 49 5
40 64 9
84 63 6
79 16 3
99 19 1
90 94 9
26 20 3
13 41 9
45 87 6
57 64 5
50 33 6
39 56 7
22 43 1
50 35 3
28 43 4
1 21 3
72 86 3
96 50 3
87 22 4
46 45 3
57 78 1
56 10 1
2 21 2
75 69 2
98 58 1
11 5 3
62 98 5
66 42 8
54 12 1
16 25 6
64 69 9
95 88 6
40 7 2
8 70 4
85 8 1
92 89 7
58 52 1
6 94 5
8 64 7
91 37 6
23 65 6
53 24 7
52 76 8
53 71 5
30 74 2
27 63 1
31 32 2
73 20 8
88 45 1
34 93 1
43 70 1
54 72 9
73 7 8
60 71 2
14 97 5
54 17 1
73 1 1
18 28 6
65 35 4
75 93 6
15 38 7
98 96 9
47 48 5
46 50 1
33 66 6
96 99 4
36 62 5
69 35 9
6 90 1
32 26 9
64 94 2
95 59 5
55 45 8
56 85 7
3 5 9
38 75 7
71 69 1
57 92 1
39 46 7
83 53 7
6 50 1
61 51 2
45 43 1
11 43 9
99 13 3
71 78 9
20 39 5
60 33 2
59 53 1
72 24 3
24 38 5
64 30 6
69 98 7
5 52 2
80 19 1
65 21 4
17 80 3
18 59 8
91 6 9
5 88 4
48 31 4
55 43 8
84 12 2
7 25 5
60 11 6
18 61 9
56 9 7
26 21 9
43 92 2
62 66 5
68 45 3
23 96 5
46 68 1
63 22 4
45 10 9
81 28 2
56 20 8
97 58 5
16 38 8
15 49 4
55 99 4
54 51 6
19 90 8
89 37 3
89 16 2
69 36 1
56 47 6
82 86 6
1 17 1
4 7 5
64 11 1
84 98 8
67 77 1
50 67 8
56 88 8
68 99 8
3 81 4
2 32 2
0 52 8
54 83 9
20 9 9
2 33 6
96 87 7
50 94 7
19 12 5
79 48 6
79 15 5
18 12 3
84 3 6
23 19 9
49 19 3
57 99 8
71 3 1
95 32 1
3 19 8
64 24 8
53 81 5
53 32 2
80 47 2
42 14 8
31 43 8
76 99 1
92 68 2
81 38 3
69 2 9
48 5 8
43 54 3
38 18 5
34 24 8
6 72 6
99 17 5
64 78 8
58 27 7
52 75 6
47 99 5
87 51 1
37 69 5
85 61 9
36 32 1
94 96 1
65 43 4
6 63 6
56 19 2
1 3 4
78 41 4
60 22 6
79 69 8
11 62 1
54 52 8
23 28 7
42 79 8
89 69 5
16 5 1
51 40 5
76 2 1
61 78 4
42 98 5
79 61 2
97 78 5
50 71 6
27 10 2
71 45 5
67 31 4
47 61 8
92 23 2
88 78 6
43 8 7
8 30 2
7 87 6
13 73 4
71 21 9
46 89 9
82 31 5
87 15 2
13 58 8
74 97 9
27 80 6
36 5 1
13 76 7
44 90 7
37 91 8
71 58 1
46 65 3
97 54 5
67 12 7
42 28 8
29 61 3
39 85 9
75 53 6
92 28 9
20 23 6
39 82 6
38 42 8
93 17 5
78 69 4
52 92 6
97 88 9
55 1 4
61 39 8
78 2 2
3 4 9
79 71 7
42 20 7
41 2 4
13 74 8
27 44 4
6 0 8
73 82 2
86 56 2
36 1 8
6 22 1
62 80 6
14 18 1
90 80 6
93 67 1
27 87 1
17 38 5
67 2 1
38 95 2
47 76 4
21 32 4
70 80 1
62 24 4
17 50 1
58 83 3
45 96 4
98 54 5
43 81 5
76 1 3
70 23 8
42 71 6
61 59 7
55 24 9
87 50 5
27 17 1
33 54 8
5 30 6
7 57 6
49 86 1
49 64 3
16 37 9
78 15 7
0 36 4
15 56 6
57 79 1
6 5 9
65 68 5
52 22 7
83 23 7
78 61 2
70 16 8
83 97 9
67 22 5
56 26 2
71 75 2
42 89 7
91 35 1
66 95 6
31 73 8
67 78 6
24 7 9
42 7 6
8 89 8
16 65 8
73 45 5
43 98 6
1 87 3
99 59 5
48 63 1
29 28 4
73 14 4
23 10 8
89 31 9
91 52 7
21 23 1
6 44 9
46 28 6
67 33 9
99 41 3
35 14 3
61 81 3
1 63 6
3 26 1
31 59 6
40 66 8
32 99 5
24 21 2
76 11 1
33 6 7
59 58 5
73 64 7
60 13 5
10 13 3
85 44 8
48 30 9
2 40 5
4 46 4
59 15 5
88 62 8
60 19 5
66 26 8
99 91 2
68 55 1
56 58 1
4 73 1
19 11 5
72 62 4
70 56 9
36 81 5
14 47 9
90 86 3
1 31 4
31 80 7
38 8 7
48 38 8
35 33 4
43 84 1
80 8 6
90 88 1
71 51 4
93 49 8
22 87 7
2 81 5
9 11 9
23 49 3
58 85 7
31 36 8
84 90 3
79 68 2
38 57 9
50 79 3
37 98 9
80 0 3
46 80 6
23 66 6
19 17 9
55 36 7
50 82 4
31 24 2
64 27 6
15 10 8
90 61 3
64 92 3
30 98 8
59 47 6
79 55 9
60 8 6
17 15 9
96 4 9
40 34 9
88 83 3
96 45 4
46 94 9
64 83 8
49 8 7
19 15 3
31 81 9
65 76 3
14 58 1
89 70 2
93 38 3
38 30 5
3 31 5
3 86 6
94 99 2
89 73 9
39 84 2
77 25 8
2 64 1
96 60 2
43 99 6
12 22 7
58 12 3
79 19 7
19 73 3
17 6 2
90 37 7
13 66 8
81 88 7
49 85 4
89 68 8
35 56 2
20 73 6
62 74 3
43 22 1
51 43 2
18 76 3
80 55 9
34 47 9
18 20 7
91 68 3
88 70 3
31 47 1
32 33 1
86 3 7
31 33 2
78 68 9
71 57 1
42 85 2
6 35 3
15 72 6
70 79 8
42 48 7
38 51 6
88 77 6
19 16 5
37 85 1
90 54 8
90 22 4
20 4 6
31 66 3
69 76 9
55 39 5
34 77 4
34 64 5
60 52 8
8 23 7
49 90 3
29 32 9
68 88 3
58 34 7
37 5 1
94 38 8
93 75 7
23 87 1
84 0 7
81 53 2
39 74 7
82 48 2
42 37 7
54 11 8
43 49 2
75 92 9
66 67 8
69 50 7
0 40 4
4 16 4
92 97 5
2 48 8
59 50 4
5 8 6
37 76 1
87 7 3
68 78 8
79 77 9
25 47 7
60 87 9
28 87 8
76 63 7
9 97 8
88 57 9
48 7 5
95 3 2
26 77 8
19 99 2
32 83 8
93 69 8
36 33 8
58 63 3
24 42 7
26 54 6
98 88 9
62 44 2
21 13 3
94 28 7
33 94 1
26 7 3
29 62 6
88 50 9
82 66 3
88 61 6
84 16 4
7 15 2
41 48 4
39 77 1
3 70 3
91 28 4
47 7 7
69 56 2
89 35 3
52 24 7
26 43 2
92 96 8
97 29 3
80 59 2
50 52 9
31 95 8
81 69 3
26 65 8
42 80 1
87 12 1
27 12 7
63 45 4
26 68 7
6 83 7
55 15 6
36 8 2
82 65 4
83 50 2
59 11 3
63 72 6
95 34 8
91 49 5
27 43 5
69 37 8
24 45 6
38 84 3
30 11 5
83 37 4
79 74 8
38 50 3
57 1 7
43 53 3
24 80 4
12 93 2
9 84 6
65 90 8
28 14 6
85 98 2
39 64 2
48 97 5
55 84 6
79 75 9
38 89 6
70 77 9
72 92 3
4 30 8
29 33 8
72 41 6
93 94 7
8 26 3
3 74 4
0 42 5
63 14 1
88 2 7
64 67 5
40 25 9
82 90 8
19 97 3
37 27 5
77 7 7
98 18 3
75 12 4
84 61 5
81 71 4
47 90 4
64 81 7
41 4 7
34 31 2
26 39 2
45 47 3
12 28 1
91 29 9
83 51 4
51 85 1
93 96 9
73 81 3
46 62 3
34 57 8
54 21 1
40 71 5
54 10 6
77 26 5
60 20 6
11 99 8
68 73 2
35 3 8
1 78 7
83 16 8
81 46 3
74 85 2
18 22 5
20 58 4
31 7 1
4 8 1
72 74 7
13 80 3
95 13 4
65 24 1
16 36 6
18 97 7
68 27 5
94 93 4
10 57 7
46 53 9
22 23 5
46 14 9
34 48 4
82 26 2
82 25 5
72 65 3
16 50 7
22 55 8
77 3 7
14 86 6
17 76 3
21 71 9
66 27 3
71 46 5
12 42 3
71 65 3
14 54 8
22 6 1
56 65 5
49 78 7
96 75 4
10 2 1
17 99 6
43 68 5
11 27 6
7 19 2
69 72 1
22 96 2
48 10 1
68 42 8
0 56 5
14 64 9
30 55 5
92 79 2
94 97 4
67 60 2
73 58 8
11 69 3
57 55 8
94 21 1
73 37 9
87 11 2
97 39 1
55 17 5
18 54 1
28 73 4
33 31 5
35 16 7
62 51 5
34 29 7
69 9 4
60 40 2
59 21 8
70 87 4
9 86 9
53 0 2
11 20 7
76 22 8
95 49 1
9 21 7
80 83 6
65 46 8
32 92 1
33 19 6
82 57 5
57 91 6
45 27 9
67 48 1
95 81 7
20 34 2
75 27 6
57 5 4
5 82 6
60 90 5
9 44 3
23 6 8
24 22 3
0 28 7
86 83 2
89 62 7
49 17 6
44 94 7
37 52 7
42 22 4
26 2 9
8 86 2
66 48 5
92 93 8
56 95 9
37 13 5
78 9 7
33 78 1
1 89 2
76 77 9
5 73 4
56 68 8
49 96 5
60 48 7
81 86 1
37 15 1
91 87 8
64 16 5
1 39 1
24 78 2
43 0 5
16 35 6
38 67 2
15 50 4
82 46 2
32 11 7
53 54 4
74 57 4
15 39 5
69 26 5
56 59 7
0 7 7
76 31 1
83 12 8
43 12 8
76 13 3
3 39 9
69 44 7
3 2 9
81 83 3
16 7 4
80 31 5
66 69 6
47 4 5
34 79 7
68 51 5
55 4 5
11 32 3
65 84 6
35 58 7
10 30 2
21 70 2
25 44 7
57 61 5
53 55 4
16 79 1
5 29 9
62 59 6
65 42 2
88 94 6
8 67 6
28 2 1
88 33 1
48 32 4
54 13 9
71 50 3
27 36 2
95 6 3
33 62 9
99 6 7
28 11 8
47 34 4
24 73 5
46 21 2
53 41 1
87 52 5
61 29 3
49 37 6
25 64 6
83 70 4
21 60 8
61 99 5
18 60 4
98 70 1
84 29 7
98 53 2
7 28 2
34 92 9
12 13 3
84 10 8
76 64 1
10 27 3
46 13 5
69 11 4
34 21 2
13 14 4
35 1 6
9 91 8
10 31 7
83 17 2
52 69 5
24 34 2
97 99 3
0 41 6
76 84 8
62 25 1
77 48 8
26 98 3
5 20 2
95 91 1
27 81 8
69 54 7
51 42 4
3 56 2
3 48 8
61 19 9
9 32 4
79 67 3
88 18 7
72 3 9
67 43 3
96 76 7
82 89 6
25 70 9
40 37 4
98 41 7
23 44 5
62 20 3
15 1 8
55 89 9
24 20 1
6 37 6
32 98 2
20 65 1
55 9 7
49 69 9
26 22 6
86 7 6
64 23 2
34 69 3
66 13 8
63 71 7
40 93 6
0 76 6
29 79 6
83 92 3
95 66 2
62 40 8
27 15 8
73 17 8
35 79 4
76 67 7
20 50 9
39 94 3
65 26 3
97 14 5
20 10 8
51 77 5
92 95 9
5 66 2
88 73 3
8 88 3
94 41 5
36 69 6
47 17 9
83 96 6
89 25 6
71 5 3
61 49 5
50 60 6
56 38 4
55 25 2
57 50 5
75 31 5
0 70 1
78 34 9
33 63 1
37 47 7
24 95 4
12 50 7
33 76 8
14 91 7
40 2 6
91 81 8
7 4 2
10 63 2
38 88 4
97 55 3
68 36 3
38 26 6
65 22 6
44 98 6
84 11 3
16 77 2
68 26 1
23 94 2
87 13 1
7 76 4
27 72 4
5 86 7
82 52 7
33 36 3
34 20 3
69 59 3
52 25 3
63 57 4
97 68 1
59 63 2
55 21 8
57 80 9
26 78 1
3 12 2
41 90 5
82 60 4
40 76 2
19 60 2
39 63 8
2 35 5
49 94 1
9 64 3
20 55 1
6 19 5
57 86 9
19 46 2
28 67 3
61 92 2
13 78 9
37 75 1
91 55 7
2 37 5
58 75 8
71 68 7
25 79 5
63 11 7
30 9 3
28 1 4
87 99 2
61 18 2
45 81 2
23 8 3
26 34 4
64 52 1
17 30 9
22 36 1
70 14 1
61 80 3
37 40 9
32 37 2
80 3 1
47 53 4
44 34 2
85 59 8
40 28 6
0 19 8
51 70 6
25 16 8
1 41 4
68 54 9
59 54 4
93 89 8
56 18 6
64 93 3
13 3 8
47 98 8
24 36 4
17 54 1
83 28 2
11 65 1
31 90 7
42 4 5
6 38 5
30 4 9
25 60 7
77 13 3
59 65 4
23 67 3
94 89 7
35 4 7
0 80 6
41 71 9
37 79 4
92 50 4
63 24 1
32 18 3
63 0 7
61 53 5
91 83 1
40 9 8
40 82 8
39 36 4
43 67 4
18 70 7
31 56 7
15 20 8
71 31 3
31 10 7
10 79 9
29 72 1
45 93 6
12 56 2
75 60 9
13 1 5
82 49 3
85 73 6
91 54 1
62 10 6
76 3 1
39 57 2
66 52 2
92 82 8
84 24 1
16 71 3
65 78 9
99 44 7
46 30 6
90 49 6
99 30 4
43 41 6
30 63 4
53 23 5
37 11 1
53 62 3
36 92 9
65 88 2
42 23 7
13 29 8
91 95 6
33 82 1
65 13 2
18 11 9
77 87 7
55 37 3
19 68 1
98 20 2
28 32 6
43 62 7
44 60 5
9 28 6
64 31 3
58 6 4
90 8 4
8 98 5
95 74 5
33 68 1
77 51 1
57 20 7
35 97 7
29 22 2
82 79 2
53 63 3
44 7 9
80 81 8
28 0 5
62 93 3
28 54 3
37 23 4
25 52 9
86 94 7
25 87 2
96 41 8
99 65 8
18 44 1
48 46 6
37 57 7
16 51 5
14 4 6
31 53 3
5 38 3
73 27 8
18 90 6
58 32 2
98 15 5
27 37 3
21 65 8
38 41 3
23 13 8
87 68 6
53 21 8
26 72 7
44 64 8
11 12 1
66 98 9
48 76 9
69 21 3
14 3 2
80 70 4
98 95 5
4 94 7
24 32 8
3 35 6
47 26 3
24 93 1
32 15 9
99 53 9
9 56 5
24 63 4
21 20 2
34 68 1
67 86 5
14 62 5
56 1 3
63 39 7
28 92 1
9 89 2
68 41 3
65 57 7
50 91 8
68 95 2
60 74 8
73 63 4
56 36 2
82 87 7
3 47 4
46 40 6
88 54 8
25 22 1
97 57 9
52 65 7
79 10 3
35 69 9
48 21 6
67 14 4
66 80 9
81 49 8
3 54 9
35 76 1
53 59 5
77 24 8
65 54 3
33 89 3
46 57 8
12 39 4
53 1 9
58 24 5
63 84 8
35 63 4
53 77 4
98 16 7
35 51 6
66 50 2
53 70 4
16 44 1
32 54 7
5 27 4
12 6 2
46 52 1
23 14 8
63 41 6
38 85 3
47 89 4
44 1 9
52 11 5
85 32 7
83 77 5
44 13 5
41 75 1
57 33 3
86 23 1
29 42 5
49 71 7
99 45 1
40 95 8
22 71 4
78 82 6
92 21 1
54 26 4
14 1 3
11 49 9
90 38 2
73 89 9
0 94 2
83 61 9
73 50 7
84 42 1
68 82 5
63 76 1
48 41 1
27 60 3
8 20 7
20 54 2
77 57 9
17 14 1
27 84 3
86 6 8
99 81 3
99 69 3
84 8 4
75 47 9
10 49 2
48 62 3
21 77 7
1 14 1
93 42 9
38 60 2
70 8 8
1 75 9
57 88 9
8 10 6
45 67 7
95 1 3
27 99 8
86 57 4
18 23 3
91 56 1
88 34 8
47 41 6
43 31 4
70 86 6
94 80 3
44 6 4
76 93 1
25 88 9
36 46 4
34 39 7
25 59 6
87 64 1
8 96 8
87 35 2
37 48 3
74 38 9
60 80 7
66 91 1
53 75 2
53 74 8
55 86 4
39 86 5
6 9 4
6 56 9
91 40 8
97 7 6
3 78 5
49 98 2
3 38 5
38 80 5
77 71 5
43 32 3
20 13 9
59 43 5
96 20 1
28 83 2
75 74 8
26 93 7
54 7 7
43 66 5
94 56 4
81 57 1
15 82 7
34 25 3
45 13 2
13 62 4
61 83 3
62 31 8
71 36 1
97 10 6
27 59 1
54 61 5
46 15 1
92 26 4
53 12 9
65 94 7
96 17 9
82 93 1
88 60 3
31 82 1
60 56 8
50 36 4
54 1 9
22 93 3
23 72 8
56 34 3
78 40 6
85 28 2
6 29 6
0 72 4
55 30 2
48 40 9
54 33 1
72 97 7
89 81 6
43 82 9
84 62 4
85 60 2
10 66 4
18 65 1
23 52 3
13 47 7
50 59 3
40 72 2
68 56 5
27 56 3
59 26 4
22 82 2
33 71 8
52 17 9
78 54 4
82 67 2
47 73 7
36 30 5
82 23 5
24 76 2
91 19 2
82 27 5
79 60 3
21 48 6
84 76 9
21 36 2
4 58 4
38 36 9
10 12 4
59 8 2
55 66 1
78 52 7
0 31 3
10 98 2
57 16 2
35 82 4
7 86 5
19 52 9
52 93 6
78 26 5
33 40 3
13 72 5
3 30 1
96 37 2
71 54 1
76 69 7
96 25 3
27 5 7
13 35 5
21 18 9
31 72 2
73 0 5
68 16 1
6 7 6
34 43 6
57 39 4
42 58 3
26 25 1
30 45 8
25 75 6
43 38 4
36 47 4
26 69 5
70 72 8
17 97 1
51 91 7
1 46 2
57 40 9
56 32 2
41 98 7
89 66 6
43 88 2
27 94 9
11 74 7
90 28 2
63 29 3
4 21 2
21 11 4
37 89 8
85 6 7
77 54 3
58 2 3
70 42 8
75 48 7
12 66 6
87 19 3
15 0 4
87 45 8
46 60 8
75 7 3
39 3 2
7 33 9
88 39 4
61 22 8
57 45 8
0 12 8
60 84 9
84 89 6
35 73 3
88 65 4
11 70 6
40 86 9
29 58 6
86 82 5
58 17 5
67 96 9
92 1 1
20 22 2
69 34 9
5 35 1
54 14 3
15 97 7
35 50 2
88 38 2
83 11 9
30 35 3
95 98 7
15 99 5
70 99 6
37 72 5
58 97 9
91 32 3
95 99 9
20 82 7
88 95 5
6 8 5
7 46 8
93 68 4
9 75 8
44 61 3
42 1 1
55 32 5
51 5 5
20 99 3
47 35 6
64 3 8
45 15 7
77 84 1
8 32 3
15 86 7
86 85 8
9 60 2
14 21 8
86 32 8
60 21 7
14 56 1
86 79 2
7 54 8
82 30 9
75 85 6
75 21 1
43 34 4
66 20 3
59 57 1
90 65 9
33 43 5
85 48 3
28 17 7
77 73 3
94 42 1
82 83 7
41 59 8
44 29 9
60 53 9
99 23 7
13 85 9
3 66 9
45 53 4
33 73 8
21 89 4
73 2 4
15 40 7
64 57 5
9 54 2
61 82 6
69 82 1
24 29 5
17 98 7
64 49 8
92 34 8
74 43 1
21 73 1
38 6 3
86 10 4
86 1 1
11 7 8
64 77 1
74 1 7
4 56 3
91 15 2
34 98 6
33 72 4
69 5 3
62 65 4
47 82 9
77 30 1
1 18 7
62 19 4
16 14 8
35 20 2
79 87 5
18 5 2
92 52 7
52 16 5
13 79 1
54 28 9
13 8 8
51 90 4
52 38 3
3 85 1
57 26 1
12 8 3
52 80 7
99 63 8
76 62 1
66 74 1
29 41 4
63 40 6
67 81 5
44 82 3
34 52 5
99 26 2
76 53 8
64 74 9
63 77 5
4 12 2
96 46 3
29 54 7
10 1 6
45 20 6
76 37 1
92 15 9
35 12 1
26 28 1
38 0 1
30 2 2
12 32 5
51 32 4
65 9 4
60 17 2
34 97 6
64 1 8
27 61 2
67 87 1
43 35 9
6 76 9
8 81 2
97 18 4
22 64 4
23 16 9
31 44 5
33 11 2
73 41 1
41 6 2
14 5 4
6 84 9
83 6 2
14 89 9
70 45 6
22 95 7
17 2 6
75 8 9
53 99 3
65 14 9
76 45 2
63 25 4
90 82 6
67 10 4
72 10 5
34 12 8
62 76 6
35 62 5
69 19 8
98 23 8
28 21 3
90 43 7
34 40 9
40 23 8
81 58 3
83 64 4
46 48 8
50 4 1
85 19 4
53 69 8
52 67 9
35 88 5
73 36 8
87 70 2
39 30 9
11 6 8
32 60 3
98 73 9
32 58 5
58 18 4
87 16 6
20 63 6
95 0 6
70 28 2
28 22 4
5 14 7
85 89 1
55 81 1
13 99 6
82 38 2
78 5 7
1 61 6
66 63 2
28 39 6
8 97 8
83 25 9
45 84 8
77 20 2
86 43 2
95 79 4
21 88 4
7 58 9
3 71 3
14 93 2
95 86 2
2 85 1
25 54 3
98 24 9
37 39 5
58 99 5
40 94 2
8 4 9
56 61 4
2 6 9
17 79 3
67 75 8
64 89 2
43 69 1
37 25 2
30 32 7
57 83 6
89 19 2
31 21 6
63 62 2
26 90 9
91 89 6
44 91 5
55 23 1
79 42 3
77 59 7
92 86 5
9 49 4
87 86 6
31 88 5
18 87 1
48 25 1
86 38 8
8 79 5
54 84 5
95 10 8
82 91 8
26 63 5
12 33 3
59 7 2
44 0 4
51 14 9
87 92 4
45 11 8
52 59 8
76 54 9
73 46 9
20 78 4
28 56 1
73 56 7
40 48 3
12 63 7
63 98 5
57 30 3
14 31 5
3 14 6
90 34 3
6 36 8
32 63 1
2 61 2
73 85 9
23 26 8
23 34 9
61 27 4
29 74 4
25 84 4
62 30 2
79 49 7
64 18 2
59 74 9
21 8 6
46 41 4
92 57 7
75 42 1
20 60 8
6 48 5
14 57 4
9 1 7
59 13 3
77 27 1
12 45 7
80 18 5
53 43 4
91 79 4
73 47 2
41 43 3
95 67 5
84 46 4
61 44 8
51 96 3
40 6 8
89 50 5
45 2 9
40 1 6
78 4 3
86 68 1
19 43 4
17 41 1
91 67 4
31 96 3
39 32 1
73 29 3
69 0 4
63 52 3
66 45 1
70 5 7
85 4 2
78 45 1
10 22 2
85 43 2
61 43 8
15 68 3
88 27 5
16 2 1
10 58 9
8 69 9
42 17 2
31 14 5
60 69 9
50 96 5
5 77 6
24 1 8
90 70 2
25 42 9
43 30 2
22 86 1
63 70 9
50 74 1
23 5 7
57 63 2
89 92 7
82 75 3
65 4 2
61 70 4
95 40 1
37 1 4
36 51 3
81 96 7
60 64 5
17 94 7
67 39 1
27 3 1
73 66 7
25 17 2
47 83 8
65 91 9
9 92 9
56 5 6
92 7 8
19 37 6
90 29 8
14 67 9
97 59 2
39 48 6
79 73 7
29 66 7
36 97 8
30 82 3
12 80 4
69 63 6
38 81 2
62 6 9
25 36 6
69 95 9
64 19 2
87 28 4
33 30 1
75 32 3
91 20 8
97 9 7
92 99 7
38 4 2
22 2 2
57 31 9
95 47 9
62 36 9
19 61 9
20 38 1
66 94 4
7 95 2
26 0 3
24 44 8
99 89 3
43 83 9
8 57 5
75 50 6
9 40 3
34 10 2
4 25 6
84 81 1
52 79 3
47 22 9
27 54 3
20 81 9
46 77 3
97 65 3
65 97 4
0 58 9
28 41 6
54 4 3
88 52 8
66 18 8
12 90 4
50 5 4
50 41 4
18 37 2
38 20 2
42 61 6
20 51 5
46 82 2
62 94 2
91 8 3
93 16 4
82 16 1
22 28 4
87 2 9
53 31 3
76 32 5
40 39 3
28 23 1
31 4 5
56 70 3
96 5 9
93 34 2
55 62 4
26 66 3
72 79 8
30 64 1
91 39 1
45 76 5
53 91 4
50 14 6
54 30 6
80 21 7
73 12 1
1 11 3
20 92 4
13 63 5
80 87 9
51 84 6
99 86 1
9 66 1
0 53 6
61 33 4
46 56 7
76 30 3
22 24 1
50 8 7
90 72 6
50 16 2
76 19 2
0 5 4
12 30 1
47 44 3
41 53 6
72 69 4
78 91 8
17 34 6
66 86 6
23 56 5
52 73 7
71 91 2
81 76 2
81 9 9
93 91 1
70 44 8
37 7 1
78 85 2
25 62 4
39 23 9
61 62 4
52 30 5
66 55 1
59 30 2
39 47 8
28 96 1
37 71 2
40 17 9
1 2 7
5 51 4
70 31 5
51 46 4
54 6 1
98 69 4
49 70 9
1 55 5
84 93 5
7 99 2
49 62 6
24 65 7
96 13 8
54 63 5
79 11 4
92 81 4
28 59 1
40 63 9
68 90 7
62 48 3
2 79 6
49 60 9
41 29 2
66 79 6
22 69 1
82 14 9
85 63 5
82 96 5
7 38 8
94 69 7
53 11 5
91 47 6
87 34 4
64 98 8
32 48 9
5 93 9
62 64 1
89 55 9
76 25 4
88 85 6
64 15 1
44 3 1
95 61 8
55 90 1
28 45 4
76 21 5
87 93 2
9 29 5
35 95 8
96 18 5
20 3 6
64 51 3
68 47 2
43 51 3
86 42 7
85 21 1
38 31 3
83 86 4
65 71 3
44 19 9
9 25 4
2 72 5
15 41 4
7 66 7
95 18 8
98 40 7
71 4 3
59 64 8
71 92 3
27 31 8
19 32 7
1 85 9
97 84 5
60 0 4
85 9 7
29 71 9
22 30 8
8 61 4
19 55 3
74 45 1
85 7 7
67 28 7
74 90 7
72 81 4
18 38 6
47 32 9
11 61 1
73 62 1
40 4 5
9 82 7
82 70 3
76 34 5
98 45 8
79 62 2
43 65 4
92 55 2
25 55 8
43 79 1
4 72 5
89 27 6
12 7 1
50 15 1
97 36 1
31 52 7
2 75 2
52 78 1
77 79 5
61 52 8
23 36 3
62 12 3
80 95 4
31 29 5
25 96 8
0 63 2
55 94 8
18 19 1
39 9 8
28 81 2
27 52 4
74 21 6
98 28 9
26 24 8
86 93 2
16 1 2
92 13 5
92 12 9
64 6 7
84 39 4
68 59 1
1 54 1
48 52 1
0 91 1
23 86 4
61 93 5
65 40 4
45 17 8
35 66 1
48 59 7
75 3 2
14 17 7
55 50 3
49 44 8
28 48 7
10 3 7
39 70 1
60 43 1
87 59 5
57 9 3
96 63 6
6 62 6
0 21 9
47 21 5
34 11 5
33 41 3
48 28 5
29 95 6
58 60 7
17 77 1
19 86 2
52 77 5
56 7 1
3 16 6
72 75 9
35 94 8
94 90 5
90 6 7
41 80 5
23 37 2
97 30 5
43 28 2
62 37 1
58 65 1
97 66 2
74 56 7
32 61 1
98 32 9
39 21 4
36 50 1
44 80 7
87 18 7
77 31 6
41 95 2
62 8 5
70 55 9
79 17 6
79 52 7
37 77 4
8 19 3
93 99 4
93 4 6
83 31 8
83 21 4
26 47 9
9 41 1
45 16 8
96 23 9
70 57 1
27 69 1
60 79 3
44 23 8
3 60 6
66 8 3
46 0 7
64 46 7
22 94 2
41 50 4
39 41 1
3 45 6
54 49 5
24 72 3
95 12 8
13 44 7
1 24 9
43 7 3
14 24 1
91 70 7
51 76 1
10 88 4
41 13 4
32 56 1
58 36 2
34 59 7
20 69 6
17 72 9
17 49 4
47 79 3
50 73 4
30 6 2
27 82 8
74 89 2
20 79 2
97 56 6
6 65 7
6 54 5
41 47 5
54 37 2
41 32 5
1 33 4
59 55 2
83 91 3
37 70 8
59 1 6
11 58 7
24 18 2
0 84 5
76 39 2
44 88 9
69 74 6
87 1 3
33 83 1
36 38 2
47 30 6
24 49 2
76 29 7
33 39 5
46 23 6
96 98 9
94 12 2
31 77 6
60 65 6
39 45 5
92 85 8
92 45 9
97 35 5
44 14 5
73 90 8
30 20 5
35 13 4
94 14 5
34 32 1
82 39 9
47 39 6
83 0 9
18 10 3
82 97 6
29 39 5
70 35 1
53 13 7
38 46 9
15 87 1
21 58 1
37 3 4
5 65 8
95 20 8
30 78 7
42 81 2
12 99 7
16 30 7
81 20 3
8 51 1
18 34 9
62 67 1
73 87 4
18 89 6
16 54 2
27 34 2
41 22 7
97 95 1
91 34 5
67 56 4
27 28 6
3 62 1
27 74 2
85 95 1
51 39 2
55 64 1
36 6 1
60 51 8
39 19 4
61 65 8
94 27 9
80 26 6
17 69 7
36 16 6
30 29 3
50 26 3
38 39 3
67 6 7
26 42 4
38 21 2
51 63 6
49 68 4
63 48 7
18 29 3
72 64 9
63 2 4
18 41 4
48 75 2
93 78 5
46 11 6
80 45 7
21 10 2
64 96 8
81 94 8
13 21 4
45 80 7
9 34 4
38 10 8
8 15 7
34 3 3
72 49 1
37 24 7
54 29 8
99 46 9
11 21 6
49 26 3
68 10 9
95 92 8
35 74 2
87 94 8
31 62 3
46 64 3
64 38 7
95 14 5
62 69 3
41 88 4
4 42 9
57 7 5
55 7 9
26 71 6
14 65 2
23 95 4
97 93 8
44 81 8
84 73 5
19 78 5
61 85 6
66 78 9
99 12 9
23 15 3
5 91 5
14 7 6
74 27 3
80 6 1
52 8 9
75 67 2
87 79 3
73 96 8
54 46 3
18 3 4
39 22 9
24 40 4
61 3 3
45 79 9
41 34 2
82 3 4
63 12 2
97 8 9
73 13 8
29 20 9
54 60 2
4 10 3
31 57 5
33 50 7
83 35 8
68 4 3
64 0 5
39 37 9
92 29 5
70 30 2
90 76 7
49 73 1
46 72 8
43 39 6
12 44 4
41 0 3
8 21 4
74 95 3
42 72 3
2 78 5
19 76 9
78 25 8
20 85 4
75 76 5
24 88 4
69 22 4
61 38 1
68 86 1
9 71 1
7 17 1
69 10 6
71 37 6
16 75 4
94 6 1
38 24 3
9 31 9
21 7 3
70 83 2
62 91 9
96 78 3
95 39 6
17 36 5
69 16 2
45 71 8
87 42 3
39 49 9
0 50 3
23 38 1
35 0 6
45 72 3
81 27 4
16 53 1
62 41 6
37 78 2
44 28 8
68 57 5
28 95 3
7 61 3
82 78 2
64 54 4
79 0 2
36 44 4
3 91 7
44 93 6
84 68 1
0 16 3
81 65 2
90 31 9
91 78 4
89 8 5
78 35 7
2 51 5
30 26 2
27 98 1
78 49 3
22 35 1
68 8 2
53 7 9
93 65 5
75 15 6
5 55 8
64 76 9
46 91 1
14 39 5
81 36 1
43 52 5
75 39 8
9 62 1
86 11 9
16 68 6
20 0 6
12 70 2
44 4 9
72 83 3
71 52 2
28 98 1
77 61 6
80 77 1
29 45 2
93 31 3
51 56 2
54 71 4
1 20 4
12 71 1
92 20 9
71 40 2
34 2 7
89 87 8
45 23 4
47 52 1
96 22 6
37 86 1
54 27 8
31 61 4
71 95 4
68 61 2
88 10 7
36 98 1
99 1 6
92 37 8
47 8 5
86 28 5
76 47 8
51 10 3
53 82 7
45 88 2
32 31 1
66 22 9
81 98 6
21 85 5
35 22 1
98 89 1
25 28 6
61 71 6
93 46 2
13 4 2
41 60 4
31 86 3
28 5 3
66 41 4
60 9 8
19 94 5
41 58 2
99 5 2
12 74 6
81 43 6
79 9 7
69 25 1
97 81 6
76 97 4
83 68 8
92 48 8
80 17 3
91 90 9
93 28 8
33 88 5
18 57 8
14 22 2
54 77 5
69 70 5
81 97 8
89 65 7
29 10 6
4 93 6
71 74 3
59 76 5
26 92 5
72 37 5
95 16 4
80 99 9
9 52 1
85 51 2
89 99 5
81 77 2
96 10 3
50 55 6
14 99 6
62 0 9
7 48 8
56 90 8
8 22 4
94 36 5
33 24 2
8 14 5
13 53 8
58 16 7
9 96 2
3 76 4
76 35 7
55 2 3
12 0 6
3 29 2
61 26 1
17 48 4
88 92 1
51 3 9
16 86 9
26 59 9
13 19 4
19 63 9
12 95 7
78 51 1
8 24 9
2 23 7
95 48 8
95 65 3
67 40 4
51 41 9
97 0 9
91 9 9
2 41 6
51 34 6
53 68 7
75 87 9
32 76 9
93 55 8
67 30 2
60 59 1
23 70 8
73 94 1
84 83 4
26 38 5
34 73 4
50 19 1
46 10 5
53 4 8
75 65 7
78 80 1
69 61 2
80 69 5
62 58 8
63 23 6
41 12 9
50 66 6
43 76 9
35 57 2
98 9 4
94 83 5
65 53 3
18 49 6
30 72 3
8 84 3
9 79 5
95 62 4
23 69 5
81 75 5
7 62 7
85 74 8
16 63 4
40 68 2
16 4 1
91 53 4
9 99 6
35 54 7
28 25 2
11 87 9
90 2 6
76 58 3
82 85 8
0 78 8
31 75 1
84 1 5
48 49 7
46 85 1
86 39 2
92 59 9
12 36 1
11 54 8
97 25 1
26 29 4
90 44 2
57 60 6
72 90 6
95 27 1
64 34 7
85 88 1
89 26 6
71 28 9
6 69 2
98 99 8
48 20 8
61 69 2
47 88 6
96 73 2
23 91 7
14 68 1
23 53 5
16 74 5
11 33 2
16 22 3
36 82 7
50 63 8
82 10 3
69 73 3
52 99 8
94 65 4
55 26 1
79 37 5
60 92 4
53 49 9
60 85 6
33 2 8
36 2 8
8 50 6
35 48 4
8 56 4
17 92 9
73 40 9
21 31 2
49 32 1
7 49 5
18 75 8
29 1 3
84 57 5
93 32 6
16 18 2
85 24 6
87 46 9
2 62 4
58 0 5
28 46 6
27 14 8
17 29 4
32 51 1
50 86 2
80 37 7
87 32 6
27 0 8
42 35 1
53 17 4
32 38 9
2 94 8
55 76 2
37 36 7
31 55 5
63 78 1
14 55 2
15 13 1
47 71 6
32 0 6
78 47 6
51 48 8
76 6 5
49 52 7
73 93 6
90 59 5
81 42 7
21 1 3
33 4 7
44 46 8
63 42 2
9 13 5
37 50 1
1 83 8
87 31 2
62 15 2
99 75 1
6 64 4
10 14 1
25 58 9
25 53 1
8 28 3
74 79 8
47 80 3
90 23 7
49 35 2
36 54 8
26 9 6
