140 9632 0 139
0 82 6
0 102 6
131 82 5
131 125 5
139 102 3
92 0 4
46 102 9
131 126 3
133 46 7
82 31 8
55 46 4
0 59 8
41 55 2
0 136 3
135 46 4
135 109 9
22 46 7
64 126 6
128 46 8
131 113 6
64 89 9
92 65 6
93 125 8
4 126 3
56 109 4
87 136 9
67 93 4
71 67 7
98 139 4
109 1 2
8 55 5
122 128 1
52 71 8
5 87 7
103 55 8
12 5 5
80 64 9
77 122 9
65 68 7
50 126 8
86 4 4
35 52 1
21 55 1
46 23 9
41 38 3
14 87 4
50 16 3
37 0 1
34 109 5
82 17 2
135 42 1
0 48 7
110 68 8
121 46 4
19 65 5
134 21 3
131 61 4
113 76 5
59 26 3
48 33 1
88 103 6
39 1 3
2 71 8
87 115 1
132 80 1
21 3 6
117 23 4
33 73 4
3 94 6
96 86 6
78 21 8
26 43 6
116 4 5
114 77 1
33 72 2
15 73 3
59 127 9
30 52 1
62 19 4
0 66 7
61 63 6
43 40 6
118 136 3
56 10 8
16 97 7
72 81 9
94 69 8
113 100 8
53 135 7
122 95 2
85 55 2
56 91 1
32 134 6
87 106 8
121 107 1
15 57 5
111 50 2
74 4 3
20 98 3
61 138 8
117 123 8
31 124 3
85 70 7
93 6 7
44 122 3
93 119 9
101 74 5
56 51 3
108 115 9
112 56 9
62 130 4
16 60 6
53 49 3
137 76 6
109 47 3
36 21 8
25 19 1
124 83 3
79 136 6
125 7 4
29 30 5
91 84 1
8 75 4
123 24 6
99 72 2
89 90 5
13 102 5
20 18 9
103 120 3
139 9 8
45 86 3
126 28 4
129 93 5
104 12 8
27 12 6
105 98 1
54 67 7
47 58 5
11 98 4
79 38 8
18 118 5
49 111 5
3 104 5
90 26 7
52 55 1
101 0 6
11 114 9
133 67 6
84 47 2
93 14 8
71 119 8
73 139 3
39 36 5
6 88 9
94 61 2
118 128 3
89 114 6
43 112 9
71 11 3
89 43 3
32 111 8
24 100 9
120 55 8
101 27 9
114 40 5
75 79 3
34 20 5
136 58 2
61 77 3
18 107 3
82 64 9
107 132 5
8 88 4
115 111 4
135 110 8
64 27 5
71 13 5
53 107 6
12 131 3
88 70 2
92 15 9
61 14 1
77 110 8
108 61 1
135 87 5
20 99 4
112 31 4
8 11 7
46 84 1
133 16 4
62 103 1
61 62 1
44 30 6
133 101 5
136 56 8
47 7 1
6 125 4
102 95 4
63 123 4
41 86 3
20 108 5
20 102 1
70 90 7
121 71 9
92 61 6
52 77 8
123 101 8
47 17 8
29 43 8
28 125 4
8 131 9
68 119 2
91 35 1
102 65 9
117 114 8
69 36 4
24 120 7
10 43 6
124 20 5
79 29 3
74 87 8
3 93 5
66 50 2
102 104 7
86 80 2
130 40 7
106 38 3
78 118 3
9 101 5
123 107 8
7 8 2
23 135 9
103 8 2
126 79 5
103 34 6
67 116 7
30 45 5
89 14 3
5 52 9
17 98 2
4 5 7
1 119 7
81 33 2
100 32 4
45 38 8
83 116 3
43 15 2
78 69 1
119 90 8
0 111 5
125 62 7
121 56 8
68 55 5
97 86 7
109 6 8
20 85 1
24 111 7
139 31 3
56 122 9
132 102 1
53 75 5
133 69 5
63 84 7
130 125 8
121 139 9
87 94 7
29 71 5
80 63 6
7 117 7
63 101 2
132 24 7
91 89 7
137 103 5
114 20 5
118 107 7
112 41 4
64 139 2
12 82 5
75 82 6
106 16 8
87 113 3
21 8 5
108 129 9
16 27 6
17 104 4
78 93 7
119 22 3
37 132 5
28 35 6
0 76 5
29 48 6
42 59 1
3 123 9
45 102 1
2 137 7
78 59 8
92 33 8
139 74 5
114 37 5
51 9 1
55 117 9
106 117 7
70 45 7
91 125 8
4 106 2
70 58 7
132 57 8
116 63 2
63 2 6
64 33 6
132 12 3
3 5 5
107 97 6
80 121 9
59 84 1
72 103 9
44 92 3
46 11 6
68 89 7
90 108 1
136 65 4
51 40 1
43 84 9
118 36 8
81 39 4
88 10 3
26 72 6
18 96 8
130 11 6
78 127 3
98 40 9
77 66 2
45 117 4
133 30 8
124 32 5
136 128 3
127 139 4
90 128 4
13 109 7
116 73 5
117 105 8
15 45 1
102 113 9
37 120 2
10 83 9
86 31 3
81 4 2
70 78 4
49 2 3
69 108 5
27 29 4
29 94 1
26 122 9
114 67 8
20 14 5
86 35 1
14 51 5
74 57 7
63 67 2
4 39 8
95 64 6
1 115 7
33 67 6
69 50 5
133 75 1
0 118 8
55 112 3
72 84 8
56 135 7
118 134 6
136 86 5
124 34 2
16 3 5
89 16 4
8 58 5
67 57 3
93 81 4
11 123 7
118 59 5
115 120 4
26 28 8
46 28 1
70 10 7
75 119 2
41 117 9
111 36 6
29 76 4
128 110 6
55 119 7
29 117 7
122 84 2
70 104 5
51 3 8
127 22 4
6 135 4
119 98 4
55 1 7
44 12 4
103 123 9
106 86 3
45 71 6
1 104 2
129 111 7
30 112 7
41 102 2
54 1 3
23 76 8
43 114 4
88 78 2
13 80 2
69 23 3
51 21 4
27 72 9
138 137 4
101 102 1
51 133 2
91 42 2
23 6 7
32 88 4
22 108 5
60 79 8
135 66 9
51 24 9
117 36 1
27 139 7
90 52 2
47 35 7
85 82 5
89 32 1
27 136 1
123 129 7
30 84 1
54 45 6
83 28 4
76 8 5
54 97 7
13 36 9
131 77 1
119 21 9
50 39 5
69 15 3
124 100 8
81 137 9
115 128 2
50 112 5
72 101 3
42 125 4
136 115 1
2 47 7
86 28 5
125 105 5
24 52 5
120 81 8
63 75 5
66 19 1
139 91 4
10 1 6
106 75 8
4 120 7
129 38 5
27 5 8
23 43 6
62 80 8
29 2 6
25 62 7
51 36 4
106 94 5
42 16 9
87 138 9
79 81 2
75 29 5
21 13 2
8 53 7
29 41 4
43 127 3
28 74 7
124 94 8
62 24 9
21 92 3
21 136 7
78 108 6
129 80 7
20 135 8
0 15 1
108 66 2
129 97 2
124 107 9
99 16 1
135 105 4
0 27 8
91 27 9
85 126 5
58 29 6
63 136 7
75 37 7
93 128 1
88 105 3
13 74 2
9 119 7
47 114 4
48 109 5
20 130 4
85 14 6
77 3 7
90 57 9
133 27 1
55 131 3
25 3 9
100 116 2
34 46 1
58 33 8
136 90 4
53 76 1
18 8 9
56 5 9
55 104 9
105 115 6
22 47 3
25 32 7
12 95 9
60 42 9
39 109 6
46 132 9
42 5 2
47 36 8
66 84 8
114 10 2
87 46 5
130 38 8
123 9 2
6 66 7
133 117 7
107 25 5
97 90 6
130 42 2
30 86 1
125 90 9
61 132 6
86 32 2
12 120 7
40 6 7
125 54 1
35 11 8
49 88 6
106 124 4
128 8 5
132 123 2
9 1 8
70 101 5
92 19 4
136 114 4
18 120 7
101 38 7
132 91 7
7 67 9
6 87 1
55 133 3
60 29 8
101 52 1
13 114 8
138 120 9
87 71 4
30 79 5
54 106 6
13 81 9
130 137 6
9 38 5
132 3 7
63 119 7
27 124 3
47 65 4
118 62 9
104 60 1
7 4 8
37 4 9
132 92 2
109 115 3
87 103 4
81 115 1
105 85 3
24 75 5
62 49 2
89 1 5
18 124 5
66 113 1
16 17 5
79 27 9
103 3 5
3 90 9
14 44 9
93 113 2
55 90 3
87 105 6
96 115 1
6 0 8
31 58 2
9 50 9
89 118 4
41 67 3
124 4 2
23 66 9
34 94 9
107 66 4
78 97 3
29 92 6
76 84 7
58 6 9
19 107 1
13 25 3
88 20 7
93 32 9
79 66 3
123 126 7
81 99 4
49 57 4
13 16 4
133 37 9
124 0 8
41 5 1
71 32 8
12 10 1
75 30 7
99 89 1
52 119 2
133 4 4
122 12 2
14 63 7
6 25 4
118 20 1
110 36 8
40 94 4
58 120 5
124 74 3
56 134 8
70 24 4
27 7 5
64 106 3
74 134 5
111 57 8
71 68 2
74 5 5
27 109 6
28 122 7
57 102 6
79 135 5
79 91 1
121 62 7
2 53 6
4 36 4
64 120 6
34 72 2
1 117 4
51 15 7
23 4 2
120 22 9
108 60 3
119 110 6
39 20 5
94 54 2
17 128 4
37 36 9
6 120 6
104 97 7
35 5 5
61 8 6
121 37 4
63 28 1
8 17 9
107 106 4
97 22 1
113 116 4
2 94 6
9 83 9
138 79 5
50 71 2
103 115 6
119 109 1
57 127 3
94 32 4
50 59 2
3 15 7
132 20 4
117 134 9
1 46 1
42 88 2
115 93 8
15 111 7
44 46 3
131 46 4
122 16 2
41 6 6
112 24 3
74 42 3
41 42 9
85 23 5
78 102 6
125 10 5
68 104 4
139 43 7
28 68 7
3 13 3
139 104 2
23 57 4
6 96 5
49 107 5
1 57 9
111 4 7
56 75 9
21 56 2
82 4 9
4 110 5
99 109 5
100 13 5
119 91 1
130 73 2
17 77 7
16 104 3
97 109 6
27 2 2
115 69 4
75 5 7
59 88 1
101 114 8
101 120 5
127 5 5
40 4 8
55 107 5
46 118 3
106 11 9
55 122 5
10 86 3
102 130 4
92 26 1
84 4 7
19 9 6
106 121 5
18 9 6
50 100 7
133 122 4
125 44 8
100 41 6
79 69 7
28 123 6
63 20 7
126 129 3
49 135 7
13 8 8
4 100 6
1 19 1
16 119 4
106 89 1
117 38 9
88 127 6
48 66 2
53 65 6
118 69 1
39 21 6
71 66 9
31 67 6
67 38 6
0 104 2
112 28 1
109 84 3
10 107 4
19 91 9
64 53 1
62 90 8
24 76 3
122 134 7
80 30 9
23 32 6
112 110 9
111 73 8
112 131 1
113 97 6
106 31 1
98 18 5
123 72 9
128 68 2
134 92 8
84 100 2
58 108 4
97 41 9
38 13 1
88 126 3
125 73 6
4 77 7
48 74 4
75 47 7
134 103 9
29 66 4
10 34 3
130 47 8
110 127 9
98 33 3
128 114 4
35 87 6
70 112 3
95 127 7
40 101 5
120 36 2
91 57 2
97 61 8
51 137 8
9 30 8
134 137 5
58 7 1
76 117 9
92 106 6
114 102 2
106 20 8
31 138 6
102 107 4
21 64 5
97 59 1
132 86 6
79 111 7
59 136 4
132 49 2
75 64 8
85 7 1
68 93 5
75 34 9
86 105 7
3 129 5
29 69 8
95 91 9
30 70 8
109 98 4
12 124 6
124 62 1
57 107 6
6 78 1
17 40 6
36 79 3
51 48 9
32 64 6
85 78 2
76 118 4
8 16 2
139 72 6
58 36 6
20 129 2
29 122 4
54 103 3
90 67 2
74 111 7
78 84 7
68 20 7
61 21 8
60 7 7
53 34 5
135 92 7
78 60 3
111 125 3
4 2 1
78 106 4
72 80 3
34 77 3
52 9 4
11 139 7
15 52 3
138 13 1
48 57 9
119 69 6
83 68 5
5 116 5
124 90 7
59 3 5
79 124 3
74 21 5
45 129 5
106 137 9
133 105 9
117 98 8
54 60 5
126 84 8
66 131 8
104 117 7
93 110 6
116 24 9
107 60 5
132 36 3
130 95 9
24 26 2
83 36 4
46 3 7
125 127 5
63 39 4
129 90 4
1 105 5
59 85 6
120 92 7
83 113 2
62 74 9
139 36 6
105 83 6
88 61 2
51 111 6
87 64 3
83 109 8
62 21 7
133 97 8
110 24 4
22 133 3
16 71 8
83 100 2
123 109 7
64 127 6
52 93 5
122 124 3
32 121 1
44 28 2
68 100 2
1 35 9
6 79 3
133 77 1
31 96 8
38 119 7
119 116 1
50 57 8
84 120 2
19 109 4
35 117 5
96 30 2
112 35 8
97 137 8
53 115 3
93 54 6
117 84 2
41 68 9
79 58 9
122 0 4
134 7 6
115 99 6
67 3 8
21 41 7
80 74 6
40 55 3
9 43 9
137 74 3
51 134 1
87 44 4
58 54 8
128 72 1
78 28 5
97 76 7
50 93 5
90 51 3
78 50 7
60 46 6
6 77 2
26 2 9
47 81 7
86 137 4
61 44 9
9 31 6
2 134 7
56 88 6
30 113 5
43 77 7
92 129 7
75 121 9
56 54 9
106 72 2
69 13 7
65 127 4
47 111 2
126 11 2
33 14 9
131 34 9
122 131 7
36 1 3
94 31 8
95 42 1
49 3 2
88 73 8
43 111 4
59 74 2
102 40 3
37 3 6
101 136 6
87 68 2
9 7 2
99 13 8
30 3 7
47 15 3
94 90 2
2 43 1
2 67 1
124 56 8
22 64 2
89 96 2
56 11 7
50 95 8
132 69 3
29 54 8
23 132 1
20 100 7
123 139 6
130 96 3
102 33 8
33 118 8
24 58 1
136 3 2
35 23 6
24 21 2
75 52 7
84 68 9
28 42 9
108 70 8
132 85 8
131 49 1
102 29 7
3 2 3
127 120 4
56 83 4
106 129 4
48 49 6
79 78 9
71 136 1
114 36 7
45 77 6
72 23 3
23 12 9
11 57 8
10 76 9
62 1 4
96 22 1
83 86 9
105 51 6
1 17 8
45 113 4
42 138 3
15 102 1
82 73 1
107 101 9
139 59 3
57 138 6
82 6 9
113 130 1
80 133 7
47 79 5
110 60 9
33 115 7
126 69 5
80 139 9
86 34 3
39 139 6
52 1 7
89 95 2
6 50 9
125 107 9
77 96 3
69 104 3
62 79 7
85 74 5
113 90 2
26 77 9
25 64 9
73 68 9
127 109 2
77 102 8
55 125 8
128 101 7
52 69 7
76 119 1
126 80 4
35 98 8
91 8 1
66 99 7
97 18 5
26 15 1
23 68 8
71 1 6
7 13 1
63 88 4
36 68 8
110 62 4
124 19 6
10 138 9
97 66 2
116 106 8
36 20 9
33 68 4
0 49 7
138 37 7
98 122 3
120 8 2
47 5 9
120 102 1
110 125 4
127 83 5
94 60 6
14 36 6
23 65 4
56 78 7
108 118 2
92 34 4
7 109 4
0 26 1
91 138 5
74 81 6
76 78 5
112 15 6
70 18 8
53 84 2
117 91 3
47 34 7
28 57 9
113 77 3
22 84 4
85 56 8
120 123 5
47 90 8
111 93 3
86 92 7
98 88 2
17 26 6
21 87 2
122 138 1
103 37 7
114 50 6
80 32 2
125 76 9
52 96 6
31 13 9
96 98 2
32 8 6
32 84 8
0 81 2
113 43 5
22 39 5
97 36 6
127 91 9
127 16 5
64 77 4
60 47 2
119 13 6
47 39 6
56 45 5
33 65 3
53 16 7
90 49 2
48 11 1
138 119 5
29 4 1
36 26 7
38 43 2
27 69 8
136 34 5
49 59 1
17 0 2
44 49 7
116 127 5
73 78 5
92 117 7
14 132 1
114 74 1
7 36 7
48 68 8
11 26 7
15 103 6
37 139 6
98 123 1
22 27 9
1 116 8
86 59 1
93 45 9
52 33 7
22 128 4
28 124 6
5 1 4
44 67 8
1 64 3
109 139 1
20 42 8
68 47 1
41 101 8
72 136 3
17 11 7
25 1 2
106 33 6
117 57 8
6 131 7
51 70 3
76 68 6
10 130 9
138 84 3
35 84 3
27 129 3
48 9 2
56 68 3
120 33 4
118 52 4
100 110 2
117 136 9
103 40 2
103 57 7
130 49 9
6 71 2
82 26 3
55 24 2
12 58 9
84 131 2
139 132 4
86 67 5
81 110 9
114 111 4
100 7 7
106 85 3
71 126 8
104 34 4
60 21 6
16 92 3
124 78 9
73 110 2
60 32 8
114 99 7
139 134 1
25 56 9
115 112 3
126 30 8
15 4 3
70 23 2
104 129 9
46 10 2
84 104 9
77 8 9
96 58 9
54 47 5
59 98 1
60 65 4
100 1 9
68 37 7
89 35 8
9 27 6
118 68 9
72 130 9
112 8 2
88 111 4
3 128 3
134 120 5
86 71 4
122 39 1
38 50 9
41 47 6
123 30 5
53 126 6
5 33 9
121 115 7
33 85 8
44 94 6
87 55 2
5 123 6
0 40 8
73 2 2
5 34 1
20 93 7
7 114 7
11 22 6
3 60 6
102 117 2
57 72 5
105 82 2
10 37 3
88 87 2
40 124 4
125 84 5
41 33 2
128 53 5
113 134 2
93 63 4
97 7 1
1 61 1
86 76 9
20 128 9
59 41 9
126 49 9
63 124 5
44 26 5
15 10 5
72 61 5
9 116 8
118 2 2
108 38 9
52 123 4
121 130 8
40 49 7
105 76 7
24 115 3
122 27 1
7 18 1
85 114 1
86 128 9
138 125 7
26 127 1
45 61 1
37 82 9
12 38 4
49 58 1
40 34 2
67 48 2
84 87 8
51 79 8
3 28 9
128 129 1
43 67 1
125 11 6
73 128 1
68 108 9
65 137 9
115 94 8
90 122 6
124 48 5
72 71 3
56 57 1
15 14 9
37 107 3
87 63 4
54 130 2
21 98 3
114 109 6
43 124 3
95 48 6
90 118 3
83 73 9
13 123 3
42 111 5
111 25 5
39 61 8
88 74 7
84 0 6
80 40 3
110 79 8
20 9 5
92 49 7
18 112 2
101 34 9
125 16 9
109 93 2
103 63 9
24 63 1
40 23 5
121 48 5
16 130 5
17 30 6
68 6 4
75 61 4
102 53 1
92 122 1
26 37 8
128 94 8
134 123 2
120 83 6
54 75 3
116 10 5
66 120 7
13 33 2
0 31 7
51 125 1
134 28 1
120 112 6
107 77 2
27 111 3
130 7 8
92 6 8
1 99 4
5 134 1
107 138 6
50 89 3
112 79 9
138 139 2
16 12 7
90 98 1
88 83 1
133 50 7
92 60 4
59 105 7
21 6 8
55 75 7
132 22 6
132 47 3
40 41 1
133 126 8
131 99 2
33 4 2
102 105 1
129 47 9
48 88 4
126 54 8
132 31 6
44 95 7
111 127 5
64 47 1
38 88 5
71 108 2
41 44 7
22 8 4
66 55 1
131 65 7
89 69 4
34 13 5
40 46 1
75 20 3
10 39 7
73 23 9
102 36 3
49 19 2
132 75 6
102 97 3
28 40 1
136 73 1
66 40 4
5 63 3
57 27 9
49 60 6
29 7 1
31 66 7
92 100 4
9 53 2
114 87 4
46 127 5
125 82 5
127 52 2
138 82 1
70 22 3
76 41 4
38 124 9
103 21 4
74 86 5
112 82 4
93 88 9
105 49 4
73 79 1
23 88 8
41 23 4
123 4 2
130 52 7
43 105 5
1 125 6
122 45 9
11 61 3
47 8 7
107 68 8
37 71 1
69 135 6
5 30 4
11 138 4
37 73 1
91 26 9
22 63 2
91 131 8
98 92 7
107 9 5
96 5 4
5 68 5
62 70 4
52 19 5
63 41 9
69 45 6
139 113 6
47 83 7
53 66 7
84 92 4
111 45 4
101 21 8
129 94 9
65 67 8
11 91 9
62 57 1
12 101 6
95 110 1
10 117 2
0 137 7
58 57 6
78 68 8
74 121 7
30 36 5
49 139 3
3 14 7
85 30 3
107 129 9
99 69 7
54 82 2
56 31 7
96 50 7
48 1 5
2 103 7
4 60 5
136 132 9
131 71 4
97 13 8
99 112 9
30 97 5
16 79 3
105 12 3
120 78 4
85 71 1
91 99 6
52 3 5
83 29 2
90 96 8
49 101 4
121 21 3
45 96 9
51 23 9
27 86 6
16 66 3
92 124 6
114 83 2
18 51 5
78 61 3
94 26 4
81 18 1
34 118 8
44 118 2
82 29 1
102 55 9
23 127 9
53 67 8
48 96 7
133 86 9
68 9 7
22 124 5
56 69 8
46 15 2
25 76 8
96 35 7
130 17 1
109 131 9
43 50 9
132 32 9
82 55 5
97 43 7
37 96 1
19 42 8
63 77 9
81 118 8
106 7 3
85 50 7
34 48 9
102 109 5
42 1 1
64 40 8
44 110 2
16 70 7
123 50 9
108 31 9
113 14 9
23 62 5
24 6 8
132 21 3
119 17 9
1 139 8
74 103 6
100 108 9
59 1 2
104 4 5
52 53 7
52 22 3
137 52 3
27 35 2
61 127 4
106 47 7
6 4 8
70 63 1
114 94 1
11 38 2
78 48 4
66 24 5
61 12 8
129 56 7
15 109 9
54 16 5
24 53 6
115 31 1
24 81 2
2 104 6
131 111 9
88 118 3
89 56 5
86 16 1
100 70 9
74 25 6
124 120 8
112 45 4
13 98 5
61 134 1
100 23 3
12 36 4
108 119 2
36 126 5
95 61 2
32 107 6
47 55 6
11 86 4
0 107 7
102 43 9
7 34 2
110 131 5
133 89 7
75 114 5
136 41 2
62 131 1
100 61 8
127 128 8
135 119 6
53 127 1
137 128 5
102 60 4
133 110 1
102 17 4
112 2 7
120 15 6
112 65 7
83 81 5
57 54 7
38 70 6
53 125 4
39 53 7
34 17 6
107 111 3
10 6 8
57 3 4
56 39 3
81 80 7
45 16 2
133 9 3
101 45 2
67 119 9
66 102 2
67 10 8
45 12 9
97 118 4
123 80 1
51 4 2
7 11 4
17 23 4
0 133 1
126 124 6
16 132 7
110 9 9
118 72 2
97 134 2
26 4 2
33 82 9
97 20 1
34 27 2
106 32 3
38 68 4
14 103 5
19 34 5
95 30 1
12 15 5
136 17 4
116 105 4
59 27 2
93 116 1
52 98 9
65 12 9
57 78 1
0 75 6
41 75 9
47 121 4
63 0 9
67 95 2
26 63 1
40 121 9
132 83 8
51 110 2
114 57 2
50 79 8
76 104 3
85 103 2
40 81 9
92 30 5
97 37 6
133 91 4
101 105 5
13 65 3
83 3 6
86 22 2
28 90 6
44 38 4
118 51 4
70 52 8
131 67 4
32 30 5
100 107 7
52 39 4
74 35 2
66 4 5
1 66 3
39 92 3
108 132 2
74 123 9
11 116 6
72 89 1
137 20 7
123 115 9
120 76 3
76 63 6
26 34 9
29 32 9
112 86 8
75 9 5
83 76 6
31 65 4
43 59 9
139 38 6
6 128 2
83 5 9
43 86 9
124 23 6
72 1 5
94 80 2
56 18 8
71 100 2
93 36 9
114 90 4
86 116 4
102 6 6
83 99 7
12 98 6
24 104 2
21 16 7
54 40 6
97 32 2
17 97 5
0 50 9
99 137 1
134 18 5
96 78 6
117 32 1
1 133 2
2 131 8
24 88 1
138 51 3
139 100 6
123 90 7
48 97 2
14 75 2
16 105 9
129 75 3
7 138 3
26 40 8
89 58 9
7 39 1
23 116 3
75 131 9
58 127 7
10 100 2
137 69 6
12 68 3
57 14 6
122 135 8
61 89 3
127 113 8
40 126 8
53 27 8
70 2 6
75 124 3
27 26 8
67 24 7
56 130 2
24 8 4
28 80 9
127 74 7
61 91 9
120 116 2
26 25 3
24 42 6
26 93 5
44 34 8
120 122 9
33 101 6
70 123 9
22 100 3
61 54 4
73 109 7
29 33 5
21 125 9
76 91 1
31 14 9
57 86 2
98 45 8
26 107 1
25 52 6
44 18 6
23 111 1
23 34 2
83 16 7
119 121 6
37 33 2
85 57 4
8 83 9
88 71 1
90 8 5
118 6 3
10 104 6
68 45 3
67 85 8
120 14 9
17 44 5
70 132 9
35 80 5
119 132 4
110 38 3
101 13 1
25 18 3
51 39 3
9 62 8
26 41 9
111 139 2
83 38 2
29 26 3
54 52 4
72 114 8
113 37 1
111 10 3
63 12 6
11 9 2
96 10 7
81 35 5
25 83 7
102 19 9
52 57 3
104 49 7
0 43 2
24 2 9
80 91 6
129 76 8
37 130 7
7 102 4
17 49 8
135 124 9
92 75 1
36 34 2
55 50 1
131 138 7
62 107 3
47 118 2
48 16 7
105 57 6
91 41 4
129 86 9
100 8 1
15 37 1
54 123 3
27 65 6
130 85 2
139 83 6
15 128 7
50 21 6
119 48 6
32 128 4
0 45 6
61 80 9
68 14 4
130 18 4
12 48 8
136 120 3
28 127 7
64 117 8
25 78 2
103 65 2
37 42 4
96 94 6
103 105 4
136 126 2
23 47 6
128 35 6
42 136 8
34 91 1
73 35 9
89 76 4
60 119 9
56 26 8
12 125 4
48 137 4
93 96 4
33 20 1
124 82 5
40 113 8
48 93 2
17 53 8
92 35 7
113 35 8
81 69 1
125 27 4
57 96 7
134 107 6
7 62 4
87 59 7
13 63 4
65 29 8
129 7 5
40 50 3
62 115 8
22 130 8
8 107 2
118 129 2
101 119 6
23 139 8
113 1 6
83 112 4
38 26 9
106 80 5
127 121 5
52 68 3
82 128 5
0 57 4
66 26 1
11 39 3
50 19 9
87 7 6
41 20 4
126 43 1
34 0 9
29 110 8
22 139 4
39 57 5
60 62 6
115 114 5
100 132 3
89 124 8
36 88 4
96 85 1
5 51 5
35 13 6
17 111 4
69 24 3
124 25 3
38 127 4
117 129 1
125 126 2
45 108 5
80 5 4
108 91 9
27 71 3
78 130 3
89 79 3
68 31 5
119 120 7
108 36 4
120 95 1
25 91 1
43 55 7
73 66 3
49 47 1
70 77 1
92 73 7
33 125 1
129 59 1
134 126 7
127 18 7
70 124 4
45 3 9
66 87 4
123 73 9
139 65 9
26 50 2
7 83 7
91 51 7
92 57 9
66 95 8
81 41 1
15 94 8
110 8 3
18 45 4
72 69 1
84 10 8
12 54 1
138 114 5
137 126 5
36 124 8
129 51 5
54 78 4
48 91 3
98 87 8
64 99 7
91 63 1
129 8 9
28 50 2
35 137 5
137 12 7
1 45 5
14 127 2
84 13 7
104 21 8
27 10 2
88 112 5
109 133 4
55 0 3
65 124 8
125 29 7
0 114 3
35 104 1
121 53 5
69 95 5
30 115 2
28 110 9
40 128 5
86 88 5
131 139 5
13 23 4
25 93 9
133 134 1
60 18 3
26 121 8
44 83 2
89 113 5
78 114 5
51 84 3
75 97 1
134 111 1
97 88 5
80 0 3
71 61 1
121 112 5
24 43 6
53 25 6
138 78 6
102 103 6
30 43 2
82 91 5
35 29 5
4 46 5
101 17 5
124 1 6
41 106 7
83 104 9
34 61 7
75 90 4
34 52 9
127 31 6
47 119 9
74 135 6
4 8 3
31 7 9
100 52 5
52 87 5
13 116 8
53 36 6
35 129 6
67 102 1
128 56 1
121 77 8
108 134 9
77 2 3
28 115 2
30 60 7
29 0 4
27 123 6
5 45 9
26 3 2
73 138 7
81 54 4
94 109 8
133 137 7
92 93 1
116 7 5
29 116 3
76 127 1
12 127 3
42 21 8
28 19 2
124 53 7
23 80 5
66 11 3
116 137 6
69 16 4
22 92 7
33 116 2
121 31 2
47 126 8
5 89 1
104 37 2
106 136 1
69 117 7
33 0 5
68 120 9
94 83 2
54 110 7
83 27 1
87 31 4
127 107 2
115 29 6
11 37 1
31 92 6
72 90 7
122 13 7
19 133 3
81 11 4
116 61 4
139 79 6
74 95 4
19 113 7
68 50 4
21 71 8
37 83 5
106 66 3
77 78 4
134 130 8
53 88 7
9 80 6
103 127 5
85 93 5
130 5 6
77 85 6
16 26 4
54 9 3
70 15 5
3 112 1
114 4 3
71 12 4
112 20 7
56 81 8
126 55 8
33 28 2
29 53 1
69 14 9
127 138 3
74 45 6
7 33 2
55 128 7
43 115 4
33 15 4
23 74 4
28 98 2
2 41 7
87 37 3
134 98 8
118 22 9
44 124 6
31 79 1
72 102 7
71 9 7
29 28 3
53 5 5
135 116 4
33 26 6
46 125 2
24 41 8
101 83 7
7 93 9
126 72 5
55 108 3
72 42 7
30 61 1
75 78 2
113 27 8
4 113 7
51 25 3
138 135 3
107 12 7
80 39 9
112 25 9
127 6 4
77 69 9
115 8 8
14 0 4
47 98 1
89 109 7
79 77 8
7 79 6
119 10 8
135 98 3
127 63 7
11 63 9
126 22 9
39 106 7
116 126 8
24 101 5
61 24 6
96 3 4
77 11 1
16 43 7
73 41 6
64 138 8
69 20 6
56 62 5
78 81 2
81 84 6
76 124 7
86 81 8
128 25 3
26 22 4
74 72 9
108 13 9
30 77 2
15 65 2
135 19 8
15 7 7
42 117 3
36 116 4
55 135 2
85 37 9
40 38 9
66 115 2
137 111 4
42 0 3
137 139 7
107 39 3
58 99 3
25 84 9
39 26 1
71 14 1
80 67 8
126 109 1
122 50 7
42 123 2
63 96 3
64 28 9
95 88 1
65 26 6
35 102 2
28 62 8
64 45 4
81 139 3
104 54 9
45 81 3
44 130 4
30 94 1
95 125 8
116 115 7
17 92 1
12 88 8
70 75 6
55 109 5
76 6 3
135 0 9
130 57 9
47 80 4
101 32 8
35 48 3
6 64 6
103 97 8
2 59 1
134 136 3
28 105 8
75 87 5
126 27 7
29 84 7
99 96 6
124 86 9
104 138 6
107 136 5
74 56 3
13 61 2
37 67 6
114 112 7
56 95 3
36 52 7
14 124 6
101 134 8
101 57 8
78 34 6
134 76 8
136 124 2
17 39 4
8 114 8
139 88 5
73 101 5
107 117 8
127 72 9
90 20 3
65 59 9
94 43 7
125 61 6
126 118 7
3 109 2
64 26 3
25 95 3
104 103 7
116 70 6
117 8 5
103 129 9
106 51 4
13 125 7
122 116 5
17 61 5
92 112 7
64 96 1
52 134 8
135 18 3
15 79 1
134 16 8
32 108 7
52 80 6
67 88 5
121 54 8
100 12 3
48 134 7
132 125 2
112 126 7
130 24 8
3 91 4
69 9 8
29 118 8
89 12 9
55 92 2
133 99 2
20 72 2
43 66 3
50 119 7
67 39 2
47 21 1
112 36 5
47 87 2
66 90 4
22 19 9
100 76 9
135 118 2
62 22 6
20 76 6
124 85 9
0 10 6
86 78 8
20 43 4
53 60 8
7 98 3
131 83 2
104 67 9
98 112 8
127 51 8
129 1 1
118 57 8
116 50 9
133 127 1
61 40 1
51 44 7
70 27 8
10 85 5
134 127 5
86 26 8
11 2 7
59 75 5
90 9 5
15 134 3
58 132 4
114 64 8
58 28 5
37 80 4
75 100 5
1 24 1
90 30 3
58 130 4
106 77 2
123 43 4
127 27 1
65 105 5
65 125 5
125 124 7
46 33 7
67 134 2
54 83 1
50 127 7
65 22 2
16 80 6
118 3 1
116 45 7
48 22 3
71 134 7
93 133 7
107 65 2
59 114 2
21 32 3
111 29 4
136 26 5
54 34 6
47 133 8
38 1 5
79 122 8
104 42 8
82 45 1
83 18 3
22 78 4
48 20 5
51 92 6
14 91 4
90 64 1
137 62 7
102 23 7
76 54 8
11 79 8
84 52 2
5 122 7
102 61 2
46 91 4
49 137 3
6 95 1
91 88 3
123 29 1
32 74 9
84 37 3
21 59 1
5 23 3
101 78 4
128 123 1
107 15 8
122 111 4
131 98 7
119 70 9
34 71 5
78 55 9
88 133 5
102 119 8
4 41 7
38 2 5
90 103 2
123 102 4
92 137 5
44 75 5
49 33 2
7 135 3
62 29 4
110 132 2
123 99 7
106 90 9
75 74 8
139 90 3
15 124 2
23 49 3
27 76 7
119 111 2
129 110 4
113 118 3
90 137 2
50 139 9
6 34 9
14 2 5
128 23 6
76 131 9
24 121 2
0 138 5
86 134 3
59 103 8
31 123 5
9 105 3
13 60 5
130 108 8
46 85 8
73 47 7
60 137 2
23 120 8
32 26 4
65 81 7
25 117 3
37 60 8
64 115 2
0 16 9
107 2 8
72 138 5
87 133 7
92 7 6
71 36 1
3 127 5
7 32 5
120 56 6
32 138 5
72 131 8
75 43 4
109 46 8
16 94 8
56 63 9
99 56 7
9 82 9
60 100 7
2 28 2
53 41 4
50 23 6
74 51 5
12 19 3
12 73 5
110 14 5
26 111 7
16 84 2
53 12 5
68 4 1
0 126 9
55 121 6
135 14 8
50 54 7
113 48 9
95 53 7
131 26 5
91 110 9
33 130 2
94 120 5
118 93 4
111 60 9
131 64 7
124 108 4
106 118 9
75 11 7
129 115 5
64 9 5
8 14 3
13 106 2
132 28 7
51 103 2
134 38 9
71 65 1
78 135 7
126 82 7
5 112 2
139 60 5
128 65 9
75 38 4
15 133 1
105 32 2
99 129 2
46 101 7
28 139 1
102 22 2
103 41 4
39 84 8
116 104 8
9 35 6
80 17 7
22 37 1
120 57 8
80 58 5
72 124 6
109 81 7
50 14 9
15 123 9
93 13 1
111 65 8
107 42 5
22 79 9
2 50 5
80 53 5
131 128 7
60 117 9
41 114 6
73 107 8
8 79 3
123 112 5
18 0 2
63 138 7
98 34 7
68 138 7
19 69 2
94 48 7
40 77 4
54 38 8
106 34 6
12 60 1
95 121 7
56 66 6
136 8 5
24 97 9
91 115 8
76 132 9
60 118 2
46 62 5
126 110 1
43 18 4
85 91 5
38 34 6
13 1 6
54 21 3
58 4 9
114 16 8
54 91 1
34 121 9
9 25 1
75 107 4
129 57 1
125 109 1
100 34 5
16 62 6
59 115 6
122 63 2
99 124 4
30 50 2
88 22 5
38 61 8
130 0 3
125 30 3
99 52 3
137 107 7
96 136 5
18 34 1
11 105 1
81 62 7
72 77 9
83 95 1
61 93 1
120 108 8
26 80 3
127 60 2
22 20 2
126 75 7
70 99 8
29 21 3
124 68 3
49 83 5
107 95 9
112 11 2
96 126 6
129 77 3
119 80 3
83 117 6
115 124 1
101 65 8
115 80 8
45 37 2
138 102 9
91 67 1
91 87 3
75 12 7
36 76 4
121 120 9
43 34 9
2 74 5
1 94 4
27 36 9
59 11 3
17 48 9
126 77 4
112 73 7
67 19 5
125 129 5
77 22 6
21 120 7
110 88 6
79 88 8
44 79 8
78 49 4
50 20 2
131 94 7
80 3 7
138 98 3
21 108 2
27 28 1
21 48 9
26 97 8
105 5 1
47 105 6
14 83 8
9 2 3
61 32 5
137 7 8
16 29 4
46 95 5
71 94 8
122 102 9
121 12 5
3 84 4
125 63 4
135 72 2
84 64 2
72 15 9
40 127 8
114 137 4
136 61 3
130 132 8
78 109 7
21 105 5
130 94 3
125 32 4
62 47 9
54 30 6
98 29 6
25 21 1
103 95 4
64 37 6
109 9 6
34 29 1
131 73 4
57 68 5
6 5 8
124 132 9
110 22 8
30 63 6
53 7 5
106 103 3
35 46 8
88 122 2
40 52 9
134 131 1
47 50 4
82 52 8
58 46 7
132 115 5
67 118 3
72 13 5
18 117 3
27 81 9
27 55 4
22 82 5
80 21 3
111 52 9
53 33 1
122 76 1
25 49 8
117 80 8
131 63 2
59 138 2
69 4 9
21 67 9
34 49 6
5 78 7
54 127 3
39 76 9
7 50 2
111 128 8
130 25 4
129 14 7
78 11 4
101 53 8
131 124 6
44 139 4
121 103 7
17 14 9
30 131 5
138 23 6
51 32 2
10 57 8
2 48 6
56 79 2
115 89 2
69 88 6
131 53 2
115 106 8
78 16 3
84 6 7
10 63 7
106 53 3
105 97 9
20 136 1
133 59 6
74 78 3
116 40 2
137 117 3
36 99 1
9 40 9
114 66 7
127 41 7
91 16 5
54 95 9
80 85 6
82 69 3
9 126 6
73 122 3
12 116 7
102 99 6
56 92 8
21 37 5
45 139 6
49 96 7
61 7 3
72 28 4
55 91 2
53 90 9
43 56 8
122 119 4
32 73 8
43 81 3
138 105 7
20 120 6
18 30 2
71 63 3
93 69 9
17 54 8
49 81 6
67 26 4
91 68 6
111 100 7
67 115 7
28 56 1
137 45 4
20 62 9
88 57 6
21 93 9
87 45 7
8 118 5
125 122 3
28 91 4
101 125 9
24 18 4
108 10 7
101 137 8
92 9 5
113 12 6
7 25 2
134 73 1
4 18 1
39 128 6
76 70 5
135 13 7
133 100 3
124 123 6
109 0 8
41 122 2
67 137 2
109 70 3
134 53 1
8 31 7
97 14 3
88 132 6
50 60 3
11 15 5
84 139 9
69 120 5
76 77 4
133 58 1
42 8 4
31 69 5
93 94 7
98 108 8
131 25 7
27 41 4
120 129 9
93 31 3
10 54 4
79 17 7
31 129 3
26 73 3
136 85 7
47 107 7
60 124 3
80 6 9
84 57 9
57 43 7
32 45 8
87 124 9
51 59 3
21 83 5
76 64 5
14 64 2
42 115 9
94 116 5
53 31 4
90 46 8
6 137 4
124 71 8
71 38 5
69 11 4
5 95 4
33 44 5
12 76 1
53 44 6
70 60 3
19 138 4
4 50 4
117 101 6
36 95 1
21 76 6
120 52 6
72 37 5
122 85 1
39 117 5
58 11 3
86 103 3
53 116 1
5 48 3
4 119 1
111 11 3
17 22 3
39 0 8
90 117 1
44 85 3
28 39 1
106 93 9
41 32 4
103 118 9
130 119 1
16 109 6
112 113 4
28 81 2
15 44 8
122 21 8
39 79 8
42 54 4
34 56 4
105 110 1
6 12 1
116 18 2
39 65 1
90 111 2
35 19 5
109 54 7
118 5 4
97 0 2
128 29 2
24 28 2
71 8 4
71 102 1
47 12 2
10 90 7
106 128 6
137 120 6
121 131 3
120 49 5
22 41 9
103 79 9
125 87 6
19 15 2
10 5 4
73 11 3
100 138 9
104 90 3
105 34 1
132 15 3
121 100 4
44 74 7
20 125 7
122 107 6
106 69 3
58 65 6
134 72 2
0 25 9
108 76 8
11 135 8
124 97 3
5 46 3
71 75 9
55 42 5
2 54 5
107 108 1
82 103 4
78 4 6
67 52 9
126 12 5
33 56 3
23 11 8
118 104 4
134 45 1
66 62 4
93 86 2
99 60 1
4 107 3
120 80 3
63 7 9
48 18 8
17 131 7
104 43 3
64 39 3
123 84 6
88 18 7
137 77 6
121 90 1
82 120 2
22 18 5
25 29 2
35 49 4
130 30 4
28 65 2
104 29 1
104 87 5
45 127 9
94 63 2
110 57 9
120 38 7
58 123 4
92 62 6
62 76 1
36 122 8
3 9 5
46 89 6
40 11 2
5 100 1
1 136 4
62 55 6
54 27 2
23 94 6
33 93 8
18 111 9
70 47 4
90 126 5
4 44 4
42 98 6
123 125 9
111 28 4
10 11 4
136 137 7
136 66 2
56 106 8
8 5 8
49 39 6
56 0 5
25 72 5
1 87 9
133 120 1
72 65 8
131 57 8
134 24 8
69 80 5
3 138 9
76 35 3
8 138 1
132 13 6
61 51 2
83 57 9
60 90 6
40 27 9
19 14 6
82 79 6
11 41 1
57 112 7
57 104 3
23 19 8
67 139 6
35 58 2
83 106 8
50 76 9
48 4 7
137 115 2
110 78 1
95 94 9
117 3 3
40 79 7
71 49 9
61 120 2
53 58 5
81 17 6
94 86 1
132 90 2
96 139 4
115 84 8
105 4 6
53 139 8
56 7 4
71 39 2
71 18 1
122 33 8
56 110 2
108 2 5
108 135 3
47 127 1
63 137 2
67 20 7
121 23 3
16 95 7
21 130 6
14 95 5
7 75 2
114 26 4
77 13 2
18 15 4
101 121 1
126 113 3
45 21 5
32 48 3
38 107 5
83 91 6
73 126 4
133 21 2
57 64 5
121 89 6
61 48 5
12 87 5
118 49 9
21 81 3
27 118 1
130 39 6
31 2 3
79 37 7
21 38 3
2 75 5
129 0 5
132 60 3
96 104 7
64 74 3
45 92 5
130 23 4
108 113 4
9 56 7
71 26 9
65 75 5
65 35 5
120 89 3
116 88 3
131 117 7
68 132 5
38 24 5
82 2 9
76 34 7
30 121 6
48 52 7
35 123 8
42 94 1
72 45 1
124 2 6
133 6 2
91 62 5
72 78 4
105 38 7
97 63 7
129 54 4
37 137 2
19 82 6
65 135 6
116 28 3
111 62 3
48 126 6
17 118 3
62 120 8
31 110 1
86 89 6
114 71 7
49 117 6
75 51 2
52 115 6
19 110 4
137 98 9
131 10 4
25 35 1
69 33 8
83 69 1
93 57 6
84 61 8
39 108 9
80 79 5
58 73 3
101 108 1
36 90 2
39 23 1
61 73 4
35 134 5
110 39 9
19 126 4
52 138 8
120 16 5
131 108 4
42 83 8
4 87 7
1 123 3
120 79 6
126 76 3
66 30 2
17 107 1
42 36 8
23 77 8
125 139 5
12 72 8
55 72 1
49 99 9
19 37 8
12 106 3
48 64 9
66 134 9
34 4 6
31 102 3
38 65 4
102 115 9
29 103 4
35 61 4
132 1 6
71 128 5
71 28 2
104 15 8
110 3 4
38 31 8
36 54 3
87 25 9
8 68 7
109 82 1
84 105 3
138 95 8
93 23 5
14 70 8
46 41 3
72 115 9
29 49 9
112 51 5
114 98 1
114 104 1
50 62 7
131 39 9
5 106 6
4 72 3
129 21 6
19 48 5
46 14 1
57 87 3
132 33 8
95 134 9
20 86 4
83 17 3
91 93 5
72 85 6
116 78 8
67 74 3
104 98 8
1 79 5
115 92 6
88 102 4
30 120 6
71 99 9
58 18 8
41 7 2
37 41 6
78 8 5
60 66 2
67 50 3
9 130 6
7 14 8
76 44 9
65 10 6
115 25 9
83 34 2
62 95 3
62 39 3
74 105 8
34 59 6
106 101 5
130 53 3
62 63 9
20 12 4
93 40 2
32 13 6
47 134 9
9 127 9
15 76 7
106 91 7
85 12 2
72 110 6
41 128 5
10 4 7
48 41 8
17 60 8
17 12 9
80 95 3
48 125 5
110 123 5
89 23 5
136 122 8
131 95 9
77 42 6
65 138 5
88 129 2
90 79 4
37 102 9
20 21 7
71 74 1
90 27 5
92 116 2
6 35 8
48 112 3
89 132 5
51 60 2
94 88 1
116 32 2
3 116 1
136 62 8
29 97 1
19 101 5
89 84 3
109 129 6
109 22 3
138 101 5
72 113 3
37 105 1
28 70 6
81 125 4
77 101 1
59 48 6
10 101 7
86 98 8
69 2 2
82 61 8
23 115 6
55 115 8
139 42 9
119 106 2
99 128 5
19 131 8
55 38 7
24 86 1
67 123 1
78 139 6
114 84 6
29 86 8
15 108 3
40 132 5
48 42 3
51 104 3
71 24 3
45 128 7
34 73 6
129 40 7
124 6 3
55 20 5
12 3 1
130 26 8
9 81 3
44 16 5
28 20 8
85 36 6
112 111 2
51 89 4
133 34 9
66 10 7
46 120 5
74 65 5
128 43 1
105 80 9
134 135 5
8 108 7
40 60 6
20 56 7
114 48 5
21 89 1
39 12 1
114 25 4
138 53 5
67 8 2
11 28 4
19 24 4
106 48 6
104 135 2
100 18 7
111 21 7
44 121 1
61 19 4
28 12 4
74 126 5
133 121 6
81 116 9
62 64 8
134 39 4
80 34 2
81 85 6
60 113 9
114 139 3
109 68 1
28 87 7
17 3 8
13 19 6
73 103 4
102 3 8
119 134 5
66 15 9
86 79 7
131 97 8
52 135 7
34 126 9
129 39 3
66 94 2
131 85 1
54 6 3
27 100 3
88 115 5
93 117 2
114 113 4
5 107 4
105 114 8
87 29 7
97 71 7
33 6 2
67 117 4
32 54 2
90 61 3
118 111 1
130 68 7
81 73 9
26 31 4
25 86 5
28 6 9
21 123 4
9 87 9
16 23 6
119 103 7
98 31 8
118 94 3
38 98 5
100 35 1
136 23 3
61 29 5
11 115 4
116 107 4
63 111 4
51 54 6
8 30 8
129 96 4
25 47 6
30 7 7
99 50 7
115 39 8
106 22 7
131 135 4
13 85 1
29 134 9
81 25 9
56 138 5
132 66 4
102 64 7
108 56 8
85 135 1
43 100 9
131 41 9
99 73 8
32 70 4
15 21 2
16 77 7
52 47 7
111 95 1
20 53 3
118 11 3
73 74 4
91 1 6
115 60 8
135 5 9
133 123 7
99 53 8
82 106 2
77 88 6
55 134 6
52 59 5
24 136 7
94 123 4
12 135 8
79 131 4
50 98 1
3 34 6
2 60 2
46 63 6
78 13 9
127 114 9
66 54 5
18 10 5
33 34 4
60 133 1
85 121 7
77 123 5
121 9 6
63 133 8
16 126 6
70 139 4
135 33 8
92 76 1
49 42 3
32 109 9
68 134 8
102 58 1
82 99 3
95 78 2
98 51 3
94 100 4
116 30 5
53 74 4
35 12 6
132 131 4
25 30 4
91 136 7
58 110 5
23 67 1
82 8 7
37 136 9
2 86 5
15 6 7
98 24 2
19 117 7
26 135 7
117 28 1
133 112 8
84 119 6
6 104 7
64 70 9
30 31 7
77 19 6
72 117 3
97 93 2
135 43 9
124 51 3
94 47 5
64 133 5
44 64 1
45 109 3
11 122 9
7 112 2
77 86 3
18 6 7
10 94 8
107 70 8
81 7 8
57 100 6
52 4 5
99 97 9
23 129 2
118 83 4
43 133 9
107 58 4
15 32 1
11 20 3
98 93 2
104 121 5
3 35 8
96 56 5
116 132 6
19 130 9
101 22 1
135 90 6
60 10 5
64 79 8
131 137 5
24 44 7
19 132 7
54 108 3
75 3 4
127 68 9
44 112 4
106 29 6
136 40 6
37 127 4
56 70 3
135 123 2
69 12 8
101 81 5
113 133 5
81 88 2
14 27 8
73 54 4
50 29 3
67 101 8
70 120 7
133 85 8
63 86 7
79 32 8
120 132 8
136 70 8
40 47 3
119 20 5
6 97 2
60 33 1
133 104 9
9 60 8
91 20 5
124 54 1
74 38 5
124 112 9
103 81 4
46 29 9
31 81 5
125 59 4
131 20 8
77 47 5
86 9 8
117 62 6
19 11 5
5 19 4
102 116 4
85 40 3
40 84 2
13 133 2
41 58 5
95 55 4
23 95 9
86 0 6
62 26 8
92 139 8
84 134 6
70 46 2
71 51 9
99 23 4
62 87 6
44 69 1
59 40 3
74 26 7
21 112 2
51 123 7
4 139 1
53 123 7
107 133 4
19 71 3
100 129 9
0 69 8
114 46 2
72 18 8
25 104 6
53 14 5
48 6 3
125 89 1
45 136 2
126 91 2
65 123 3
0 123 1
83 108 2
19 137 4
22 72 7
79 18 2
22 123 4
136 94 7
66 110 3
60 130 8
136 93 9
23 30 1
36 38 9
48 111 9
9 100 8
42 114 4
84 71 6
11 65 5
88 55 1
126 101 1
103 1 6
36 81 6
24 46 8
51 77 4
74 82 7
59 16 5
90 76 9
113 53 2
6 59 4
30 89 3
59 54 7
70 79 3
136 131 8
93 44 5
8 9 9
99 110 6
100 93 6
69 131 3
25 126 8
121 94 7
99 67 6
105 95 7
15 138 1
19 56 8
26 103 1
22 57 7
98 95 2
56 47 9
93 80 2
138 46 1
119 11 6
73 96 2
101 103 8
79 72 4
69 124 4
57 119 4
6 3 7
84 97 6
39 29 6
128 64 2
115 35 9
71 113 6
115 36 2
66 130 6
0 61 5
2 123 3
137 53 3
32 42 7
76 43 5
47 1 2
121 25 8
126 15 9
132 111 6
120 85 6
7 132 2
117 48 8
119 14 3
129 79 6
26 119 7
103 32 2
11 99 5
26 79 3
37 126 3
106 3 8
131 60 3
7 17 9
10 115 8
2 128 8
120 86 5
56 132 5
8 81 9
0 60 1
114 61 3
80 25 5
122 38 8
91 118 3
99 135 8
122 83 4
64 23 5
45 2 5
15 49 8
51 72 2
16 41 1
71 91 8
31 119 3
96 36 3
100 89 8
90 120 4
35 39 7
74 76 2
43 11 2
54 85 2
61 70 8
125 75 9
63 79 9
41 9 6
9 45 2
16 25 6
103 131 3
10 112 8
14 125 6
132 71 6
86 135 7
99 46 8
18 136 9
28 51 2
7 26 1
80 71 1
52 95 5
8 64 9
113 125 9
15 97 3
39 66 2
110 109 9
123 119 8
32 63 8
99 88 6
111 83 4
107 83 4
101 68 6
21 73 1
61 4 6
17 52 5
67 103 9
123 64 8
33 50 8
107 90 3
133 136 8
2 121 6
106 1 6
51 122 8
44 86 8
17 41 2
73 22 6
112 13 7
97 68 1
44 42 1
45 123 9
89 110 3
30 132 5
80 97 8
108 123 5
136 48 9
129 112 5
110 2 5
38 56 8
74 66 5
62 2 6
105 31 3
103 27 2
87 86 5
105 109 1
8 40 6
55 11 2
55 49 1
90 65 7
16 131 9
137 26 2
75 86 5
116 80 4
2 136 9
105 6 8
16 61 2
139 129 9
81 104 3
105 94 5
114 12 1
77 94 3
17 95 8
35 122 6
138 66 2
136 100 5
95 63 3
20 73 8
108 80 6
73 121 4
28 22 4
87 134 6
19 115 3
53 10 2
38 33 4
48 58 6
74 132 7
106 70 1
100 90 7
128 138 8
14 116 7
136 51 5
98 48 6
96 23 4
5 133 2
110 96 9
16 118 7
34 50 8
74 3 6
126 67 4
112 139 6
22 99 9
42 56 3
132 77 2
69 18 2
8 65 2
32 36 1
59 58 9
135 120 5
126 127 6
39 132 8
16 37 5
136 112 8
113 121 7
108 63 6
104 38 9
80 136 5
132 128 7
35 125 7
117 17 9
65 1 2
138 38 4
130 12 2
62 54 5
36 137 4
78 112 7
113 109 2
97 2 6
130 131 3
52 46 2
51 27 5
55 65 4
133 31 6
139 118 7
69 107 6
37 70 3
60 61 7
116 49 3
97 70 5
30 21 5
92 59 7
90 112 3
105 72 7
109 120 7
103 30 1
64 15 9
42 3 2
135 24 8
63 1 8
64 124 3
128 81 9
68 1 3
20 77 6
81 75 6
76 2 9
100 86 6
128 18 3
92 74 7
80 50 2
124 58 5
98 83 6
10 71 9
119 74 9
14 66 2
62 69 1
89 73 1
26 99 7
33 117 8
57 108 1
87 67 3
90 130 5
37 56 2
82 137 4
3 18 1
9 12 4
77 32 1
64 100 2
118 66 3
128 96 8
97 91 4
2 133 3
22 85 8
105 50 1
71 96 8
57 95 9
67 78 6
15 9 4
10 134 6
19 32 8
26 14 1
109 108 3
12 94 5
123 92 8
100 91 8
43 14 9
130 106 4
108 84 1
24 25 6
84 24 6
87 77 6
135 137 5
22 55 4
93 5 7
62 122 4
92 27 5
7 20 9
137 47 3
89 59 9
84 31 6
132 135 8
60 138 3
20 35 3
14 30 9
39 15 2
114 126 9
8 137 9
63 109 3
43 35 8
3 29 4
83 63 5
54 136 1
30 78 8
121 76 3
114 1 5
125 134 8
136 68 6
77 33 1
77 50 7
121 126 4
41 115 8
120 91 3
113 101 2
11 102 9
114 106 3
28 18 7
58 103 4
64 24 9
4 93 5
102 48 7
125 118 5
113 106 3
48 83 6
30 13 8
89 74 1
50 124 6
66 98 5
132 106 9
111 99 3
45 107 2
112 64 3
108 59 6
77 60 1
100 103 3
136 69 5
21 7 3
90 12 9
107 91 2
137 15 9
77 35 5
106 37 3
64 46 5
127 35 2
128 134 2
60 68 7
101 55 4
136 113 4
82 93 7
75 127 2
58 75 6
109 25 3
50 56 9
2 66 7
75 94 8
63 120 4
120 47 4
10 68 5
1 74 9
93 84 4
84 133 9
58 62 5
129 22 5
16 116 1
133 33 2
26 123 3
120 126 3
69 40 9
18 129 6
138 17 1
99 63 2
46 110 4
32 130 6
95 117 5
122 101 9
76 18 3
120 87 8
67 97 5
1 78 9
38 20 3
47 46 4
118 65 9
135 3 7
139 2 7
30 135 5
59 131 6
18 104 1
52 108 8
72 48 1
36 41 4
138 14 3
70 111 4
40 73 6
56 77 3
103 10 1
97 115 1
43 108 5
101 71 3
72 6 8
134 63 5
97 69 6
95 96 8
53 112 1
93 1 4
98 74 8
133 103 6
14 128 4
48 104 8
44 63 2
118 38 3
53 56 3
87 54 8
112 137 7
22 89 7
13 4 4
78 123 3
55 70 5
57 38 5
83 55 5
96 0 1
78 66 4
77 109 8
36 31 4
88 30 3
74 113 2
31 55 8
90 25 8
137 14 9
8 3 5
139 89 6
100 74 3
72 97 6
27 80 7
35 139 1
80 14 1
103 132 7
109 23 9
138 93 4
2 115 9
2 5 4
83 31 8
137 93 5
97 94 2
122 123 1
132 99 7
126 95 8
54 4 7
11 132 3
51 81 3
15 31 3
59 30 7
87 112 2
41 34 7
103 76 1
66 93 5
22 81 1
112 66 3
63 81 5
137 102 3
118 123 5
121 136 4
121 60 3
53 63 4
139 16 1
93 73 8
99 51 7
107 96 7
54 118 7
136 16 7
11 80 9
16 107 6
64 109 7
26 69 8
54 41 2
121 83 9
109 107 7
23 33 3
129 81 4
11 67 2
73 71 4
15 54 2
24 10 2
70 117 6
2 114 6
114 107 6
15 20 9
118 115 7
31 12 7
83 133 8
136 67 8
66 42 8
128 133 6
25 113 1
92 111 9
69 63 2
132 121 1
15 119 2
106 67 7
44 60 3
82 44 9
120 13 5
93 51 8
128 1 6
4 47 4
27 68 6
52 20 7
114 39 9
31 117 7
99 116 5
13 58 5
131 28 5
67 73 3
137 110 2
76 98 6
125 96 9
99 40 5
57 5 9
18 77 1
35 118 1
129 6 2
138 28 2
62 127 1
101 16 9
118 39 6
83 43 3
41 93 4
1 27 6
21 2 4
43 78 4
115 65 3
66 103 5
51 131 8
64 4 4
48 25 3
38 125 1
99 7 8
68 25 2
67 128 5
105 79 5
18 11 2
116 55 6
63 49 9
109 31 8
99 44 4
26 109 2
108 87 7
4 9 1
41 119 6
52 29 4
76 111 1
75 76 6
93 37 1
78 65 4
50 113 5
100 25 6
113 128 2
0 110 5
98 116 9
65 48 2
24 125 7
117 71 5
80 109 2
69 17 2
118 9 3
99 77 9
130 77 2
37 29 1
13 113 6
119 65 7
75 120 1
134 124 8
77 95 8
66 51 2
6 81 7
96 62 4
61 104 4
22 31 3
97 51 8
99 5 9
77 65 4
110 116 5
79 53 6
55 93 1
88 119 3
107 33 5
78 15 9
78 105 9
78 7 2
18 125 8
1 81 6
78 26 8
10 97 8
42 30 8
104 75 9
18 99 8
117 59 1
44 100 3
89 137 3
31 104 4
82 114 2
106 102 6
129 85 1
8 122 7
27 131 3
50 51 6
14 11 7
112 23 1
50 117 1
10 132 2
63 128 4
96 13 5
37 98 5
75 117 3
94 22 4
129 137 2
107 51 5
131 45 9
134 37 8
53 108 9
25 97 5
32 129 4
11 33 5
131 80 1
130 35 7
133 45 2
133 62 6
128 135 9
50 134 9
34 123 7
19 79 8
14 65 1
85 95 2
134 138 5
104 85 7
106 100 1
107 74 6
16 34 5
24 47 1
98 2 3
95 99 9
61 6 3
67 135 5
124 121 2
55 59 1
60 112 1
49 100 5
122 69 9
90 133 9
7 91 8
50 36 1
70 49 3
84 55 1
43 44 3
107 6 6
5 139 4
48 55 7
89 13 2
138 4 6
135 114 8
4 35 3
30 64 8
68 43 7
124 3 2
35 99 7
112 128 2
51 10 1
24 79 1
17 10 7
13 115 2
66 61 8
72 88 2
32 49 3
39 60 2
129 36 1
15 139 3
31 5 4
26 83 7
14 78 2
138 48 6
64 92 1
70 1 1
2 106 3
73 18 4
30 57 2
139 115 1
38 96 1
32 18 5
82 97 7
36 91 3
134 100 2
20 5 6
3 19 1
4 129 1
134 54 5
80 77 9
58 0 9
4 103 5
99 93 1
85 28 4
138 50 8
137 104 4
93 10 3
56 29 9
100 31 2
110 50 1
93 89 4
1 28 2
116 43 7
1 85 3
69 85 2
68 105 5
5 58 2
59 77 6
49 6 8
58 111 6
89 39 2
100 40 2
50 37 1
43 87 1
115 135 7
77 136 1
1 31 6
58 37 9
73 137 1
88 26 2
15 17 8
59 120 4
131 120 6
18 31 2
49 123 4
93 124 6
44 134 7
105 131 9
96 32 6
57 122 5
60 91 6
80 4 1
138 85 4
20 89 1
10 128 6
96 26 3
135 28 7
112 59 6
111 89 4
112 118 1
125 136 6
38 6 1
49 97 8
105 27 9
119 86 2
97 31 3
112 58 7
82 100 4
22 33 7
139 54 2
39 91 8
119 61 4
27 99 2
79 96 3
3 56 7
41 116 9
125 8 1
9 37 1
85 21 2
101 76 9
115 58 4
130 6 4
62 42 4
84 82 8
75 138 9
9 138 5
46 51 7
121 36 2
55 139 4
55 56 6
30 111 1
94 46 1
110 15 8
84 96 8
129 33 4
1 22 5
31 72 3
89 34 8
65 24 5
67 16 7
108 51 5
111 33 2
93 76 7
7 69 7
25 99 6
105 71 9
61 3 3
19 139 7
122 20 3
24 73 9
35 7 3
109 104 1
63 16 2
97 12 1
34 42 7
41 135 4
48 30 2
29 127 1
115 122 2
124 77 4
81 59 7
38 102 1
110 113 9
115 22 8
137 119 8
7 49 9
8 49 1
59 39 4
44 138 7
135 44 3
38 0 1
101 50 4
129 102 7
107 105 2
137 124 9
18 89 5
113 70 2
127 80 2
32 76 9
11 70 6
104 86 5
83 35 9
105 73 7
62 27 3
135 31 9
94 51 2
62 40 7
132 113 1
134 64 9
79 21 7
73 8 5
87 36 9
26 134 4
20 32 7
41 89 5
8 126 1
100 128 5
114 23 7
100 130 5
16 56 2
20 113 8
14 126 4
11 74 4
18 108 4
72 94 8
111 41 5
128 28 5
26 76 4
117 58 5
100 62 3
62 109 7
119 128 3
21 114 3
131 42 3
9 102 2
135 16 6
73 17 2
115 4 6
128 62 4
90 2 8
98 61 6
10 49 9
23 52 8
5 70 7
88 46 5
52 41 4
23 21 5
95 70 1
69 92 4
116 71 8
27 82 9
31 21 1
20 49 4
108 133 4
117 128 3
95 59 3
55 110 7
119 42 6
64 116 7
135 125 4
109 58 6
19 106 3
121 57 1
1 67 1
80 7 9
124 26 2
99 24 7
95 76 6
103 20 7
39 37 8
121 43 3
131 29 5
24 102 1
84 95 9
34 130 3
103 130 6
13 22 1
27 138 6
90 33 4
48 90 5
14 42 4
88 113 1
27 67 9
106 63 5
5 121 7
114 3 2
124 127 9
43 74 6
11 83 9
50 46 6
80 84 5
92 47 6
92 28 6
46 18 3
45 11 2
37 122 7
76 49 8
118 121 9
103 19 6
139 106 5
111 105 5
119 73 5
122 100 1
65 16 6
54 105 9
54 44 9
136 57 4
135 101 2
24 118 2
99 118 3
93 74 2
55 118 7
15 42 8
103 126 1
47 104 9
121 13 6
130 29 2
36 22 1
127 96 1
39 85 3
102 30 8
77 53 5
89 54 8
50 31 6
19 55 4
29 121 3
122 137 7
31 71 7
118 14 5
21 49 6
110 37 9
129 68 6
32 137 3
5 38 8
41 71 7
5 60 8
117 66 1
15 81 2
87 128 9
29 5 6
68 51 8
68 42 9
14 79 4
113 34 7
121 19 9
86 111 4
20 139 2
77 125 3
71 107 4
26 84 7
20 83 4
76 109 3
135 129 9
51 52 1
49 31 5
37 25 3
89 2 9
2 35 6
89 77 9
61 47 2
41 31 3
105 53 2
79 41 6
35 68 3
6 86 7
3 78 1
90 59 2
133 68 1
16 5 9
40 95 3
119 51 9
33 21 7
9 113 7
113 55 1
129 114 8
132 0 7
9 96 6
58 77 7
2 8 7
58 23 2
30 1 7
52 92 8
65 109 1
104 110 2
22 59 9
116 19 7
62 10 4
139 52 7
65 5 6
132 95 6
53 91 2
10 91 2
123 121 2
25 34 1
25 123 8
92 83 8
97 42 5
121 116 2
130 138 5
15 58 5
15 53 4
58 95 4
87 50 4
82 89 2
88 130 7
56 104 1
98 124 2
17 112 9
60 105 3
64 38 3
106 10 4
61 122 3
106 109 8
58 21 2
12 83 7
90 68 1
89 138 7
20 46 7
96 21 1
56 87 1
50 130 4
80 107 9
90 101 8
80 2 2
134 106 9
112 107 1
101 42 7
135 94 5
68 44 8
61 56 2
42 40 5
89 60 5
135 102 3
87 121 8
65 117 1
81 5 4
128 47 1
13 56 4
65 133 6
74 37 7
14 109 1
104 36 8
21 66 5
128 75 9
138 55 3
11 117 8
14 76 7
32 56 3
121 129 9
97 9 2
38 30 3
125 9 8
66 83 3
120 0 2
0 119 3
58 119 6
117 34 8
76 31 7
80 96 3
54 28 7
2 0 1
18 86 9
135 45 1
46 56 8
100 59 8
51 58 4
50 128 8
22 25 9
73 52 7
122 49 7
52 16 7
79 71 5
33 123 8
129 87 5
32 135 7
96 46 7
66 124 7
94 9 3
137 94 2
81 42 6
58 25 3
112 61 9
103 18 7
116 96 8
102 124 6
118 110 8
111 8 2
112 33 1
90 42 6
56 35 8
25 41 9
124 55 7
24 83 6
5 137 3
9 91 8
20 74 9
49 72 8
109 122 4
132 138 5
47 74 2
124 138 9
102 93 3
90 14 7
15 105 3
79 43 3
59 76 9
95 109 5
86 55 4
64 125 7
107 88 3
32 95 8
93 83 5
31 54 7
103 89 4
71 53 1
63 104 5
47 91 9
35 34 3
25 15 1
21 65 2
12 78 5
0 44 9
97 50 4
59 57 7
53 21 3
77 21 1
68 75 3
10 126 5
129 28 8
29 133 5
1 127 7
14 47 5
137 75 6
66 125 3
69 30 7
4 83 7
62 89 1
86 66 3
118 130 5
49 50 4
103 25 8
58 106 5
118 31 9
61 65 9
94 113 2
5 97 1
139 82 7
125 41 9
66 75 2
30 26 7
7 115 2
80 70 1
125 23 8
128 52 5
131 38 9
72 19 6
20 127 8
110 124 6
19 83 8
44 120 7
65 91 5
82 57 3
72 122 8
34 119 5
44 25 6
57 31 2
65 51 7
102 2 7
81 26 1
111 124 4
46 122 2
9 17 2
20 80 7
89 130 8
33 78 7
84 70 7
11 62 1
45 66 6
69 109 5
131 93 1
15 2 5
68 111 5
49 64 4
5 36 8
105 90 2
120 17 8
108 116 6
119 8 5
36 2 4
77 15 5
94 102 2
107 21 7
114 100 6
7 77 4
41 77 5
132 2 3
104 130 9
86 50 9
85 125 3
5 113 2
23 101 2
77 74 7
128 33 1
109 138 2
136 33 1
41 14 1
103 108 7
90 31 8
121 96 3
28 109 9
3 133 3
54 88 1
100 47 7
74 10 2
50 17 5
87 85 9
98 43 4
61 55 8
108 19 7
13 64 2
105 70 7
11 113 1
43 19 2
33 96 8
106 35 1
99 92 3
108 77 2
69 41 2
74 15 1
7 73 8
58 71 3
38 47 7
39 78 4
27 3 6
79 76 8
54 20 4
85 128 5
41 78 5
119 85 1
112 74 8
103 35 4
24 22 2
111 72 5
118 92 2
30 93 6
81 108 5
19 85 9
122 108 9
68 139 5
65 84 7
132 17 7
137 84 6
57 21 3
28 130 2
59 28 1
82 129 8
60 85 1
137 18 5
123 37 3
83 110 7
17 133 6
134 105 8
124 33 9
28 101 9
8 6 4
107 78 1
135 62 9
41 95 8
24 16 4
109 12 7
27 66 6
109 128 5
18 21 1
75 136 4
100 17 4
132 105 1
102 110 5
27 94 9
117 138 3
40 111 3
19 59 8
138 67 9
75 110 8
16 110 4
131 47 1
126 122 4
21 70 7
73 104 4
77 98 9
73 36 2
39 19 6
20 96 3
121 78 1
40 16 9
101 30 3
18 123 8
2 33 9
87 0 9
136 83 5
14 39 6
29 90 4
77 93 3
100 95 4
132 98 6
28 73 8
6 47 5
108 85 1
60 52 1
54 112 7
61 67 6
89 48 1
67 18 5
19 89 7
23 83 4
9 98 3
33 87 7
2 119 8
13 95 8
6 106 9
20 6 6
96 92 8
132 84 9
36 136 4
129 116 2
64 81 2
89 104 5
99 31 4
104 77 5
139 95 1
55 57 8
129 65 7
83 32 8
99 139 2
4 27 1
79 12 9
59 94 1
28 104 9
138 2 6
119 18 2
67 92 2
109 92 1
132 54 5
33 18 6
70 43 6
15 62 3
94 132 5
116 82 4
56 133 9
47 11 7
123 55 3
120 130 8
6 119 7
50 135 8
113 67 2
55 45 8
18 16 6
51 35 9
136 119 8
6 56 7
82 136 9
122 103 4
139 103 9
71 82 2
62 126 4
54 120 8
42 25 6
75 21 1
69 111 9
119 95 1
121 7 7
27 87 7
110 25 9
91 128 3
110 53 1
48 37 1
85 45 8
0 32 3
75 113 7
48 87 4
35 62 4
72 7 8
96 106 7
17 19 8
74 58 7
39 86 1
25 63 1
4 62 9
84 17 5
49 65 5
80 137 1
3 24 6
15 127 9
67 17 1
76 67 2
5 55 7
103 98 7
104 95 7
23 108 9
35 64 5
120 72 5
19 18 9
92 24 1
18 55 4
26 13 5
102 32 8
107 24 7
53 32 2
30 35 8
48 135 6
100 73 4
73 95 4
117 73 3
8 105 4
82 46 5
87 78 5
5 66 1
42 118 2
57 99 2
69 39 2
41 124 4
36 9 6
94 126 8
13 12 9
21 94 4
39 136 8
41 126 5
103 107 6
33 134 5
40 78 8
100 0 4
126 52 7
121 66 2
34 64 9
7 52 3
69 28 6
28 16 4
78 80 8
130 79 1
94 122 4
5 59 4
124 24 4
17 20 3
66 63 1
137 105 2
57 46 1
6 113 1
33 110 3
79 25 7
112 96 8
15 80 4
59 45 1
11 136 1
25 46 8
97 92 1
89 87 1
114 60 6
126 70 1
127 112 8
43 45 7
76 56 5
114 30 8
111 121 3
38 4 9
80 125 1
98 62 9
139 110 1
131 22 7
134 65 7
23 56 5
6 132 5
127 89 1
136 99 5
66 7 5
1 84 8
64 105 7
49 84 8
0 71 1
57 16 9
64 11 2
95 81 4
50 63 5
9 112 8
32 55 8
77 90 1
134 41 5
62 51 8
3 33 3
68 98 3
69 53 1
9 32 1
113 24 1
53 73 9
60 28 5
22 75 1
81 23 2
112 106 8
113 85 7
110 136 3
122 117 9
117 46 7
16 4 7
94 74 9
14 107 1
78 36 6
97 46 8
10 33 7
31 6 9
121 28 6
32 28 8
53 3 7
110 134 6
55 100 9
84 18 1
61 64 2
90 56 3
79 92 2
56 115 5
87 99 4
91 104 5
54 71 4
86 53 9
30 2 8
22 105 7
105 2 4
17 137 2
80 82 9
12 64 8
133 132 8
39 54 2
53 111 5
131 24 2
28 23 6
65 43 1
22 103 4
64 97 2
10 25 5
117 15 4
66 47 5
78 126 1
0 105 7
6 22 9
84 15 5
126 83 1
130 99 1
84 113 6
16 72 4
55 80 3
28 113 7
71 111 6
81 14 2
72 132 9
130 111 8
7 84 4
13 88 6
43 62 6
73 42 4
71 44 1
5 124 9
50 91 4
90 127 8
103 52 7
123 105 3
54 119 6
86 102 8
4 127 7
8 124 6
53 92 5
74 133 9
26 52 5
36 45 4
0 72 7
29 24 5
65 64 2
63 18 9
136 89 1
35 132 7
63 98 5
33 89 9
121 82 6
62 17 4
38 3 5
114 73 6
93 70 9
58 135 6
138 35 3
90 95 8
22 114 8
5 125 2
55 74 3
3 66 6
68 3 3
46 2 5
126 65 9
73 30 6
19 4 9
19 60 1
65 40 5
80 8 8
81 19 6
21 63 6
38 66 7
107 79 7
35 131 1
98 54 4
53 96 4
18 12 5
70 53 5
83 58 6
135 73 6
54 33 3
119 35 8
112 16 7
37 78 6
129 9 5
122 60 1
28 108 9
20 111 4
39 30 5
58 50 3
46 77 2
11 107 3
63 115 4
82 67 5
72 121 6
71 104 7
42 46 2
74 49 1
111 87 2
43 101 4
71 135 5
94 58 5
135 117 4
116 111 2
86 56 6
5 21 6
131 127 9
79 59 9
43 93 1
18 41 4
91 2 8
47 32 1
50 8 1
59 68 7
35 108 9
6 70 1
56 60 7
40 57 9
37 99 6
1 137 1
49 46 8
17 59 2
14 10 2
60 80 3
32 57 4
30 24 6
97 28 6
130 81 5
107 50 7
25 71 5
31 116 4
9 76 9
27 18 3
115 68 9
22 83 2
123 131 4
19 40 4
104 33 2
118 58 8
50 73 1
1 32 9
124 35 3
2 13 7
14 37 4
87 11 6
37 76 2
93 56 3
136 38 3
131 52 9
90 16 5
119 118 6
134 57 8
39 73 4
84 101 9
103 13 2
49 112 2
126 21 4
51 0 6
86 1 3
86 115 7
134 77 9
45 119 2
139 46 4
45 34 1
105 69 1
77 67 6
98 53 9
76 133 9
11 90 2
33 100 6
22 43 2
34 2 1
31 78 3
129 74 8
136 9 3
71 77 6
53 133 6
89 17 7
55 67 1
135 83 4
73 1 3
104 9 7
20 101 9
41 70 8
130 46 7
111 96 7
65 93 3
36 113 9
119 32 3
92 128 6
3 85 2
73 98 2
40 72 6
27 44 2
78 71 5
89 36 4
30 47 8
4 25 1
111 135 9
23 98 6
10 124 6
93 90 3
118 19 7
124 11 4
3 131 7
130 116 2
2 111 8
107 113 8
137 113 9
5 40 5
67 94 3
79 108 4
45 94 5
108 114 5
105 56 5
100 67 2
85 43 1
50 18 1
43 109 6
11 21 1
36 56 8
82 48 7
113 117 1
49 68 6
61 20 9
47 96 9
59 4 9
101 69 6
78 23 8
95 75 7
101 116 6
101 58 7
138 21 4
6 46 7
127 0 1
71 125 3
107 7 5
123 7 1
91 37 6
93 34 4
87 26 3
11 104 5
2 88 7
74 120 5
138 83 3
59 7 1
35 107 3
6 36 2
50 64 3
61 129 5
49 98 4
60 15 9
33 138 8
70 94 7
72 47 4
21 72 7
12 8 7
108 9 3
104 32 6
41 66 5
119 92 2
67 62 4
32 35 5
53 51 6
52 124 1
1 8 3
23 37 1
62 18 2
53 132 1
43 134 8
126 93 8
71 103 7
24 128 1
31 34 9
139 119 2
83 137 5
69 71 1
63 139 7
105 128 8
48 14 9
97 139 2
36 74 2
20 40 3
124 109 6
4 57 1
57 76 9
86 40 7
136 103 3
127 104 4
66 109 3
77 14 4
86 8 1
73 129 2
102 133 6
27 78 6
43 88 6
33 35 9
11 133 5
0 22 2
44 108 7
39 40 4
70 73 3
78 132 7
108 17 4
13 9 9
22 49 2
32 123 1
14 45 1
79 101 1
105 66 7
114 81 7
125 60 4
30 118 4
9 49 2
16 31 7
67 125 4
127 32 2
52 14 6
8 46 9
45 65 8
17 66 5
35 42 2
118 26 6
95 93 1
50 75 4
121 122 8
10 31 1
24 32 5
76 19 1
132 64 2
44 21 3
49 14 1
46 65 7
33 83 6
137 96 1
98 94 4
37 118 6
41 83 1
38 29 6
31 120 1
45 79 6
125 26 6
81 2 1
92 42 6
91 43 3
126 89 3
106 49 4
119 126 6
37 59 4
82 88 9
13 75 8
3 130 9
5 39 4
54 22 3
5 128 7
25 132 5
114 35 6
59 64 1
54 131 4
57 41 1
54 24 8
131 96 1
101 18 9
30 58 2
94 50 1
41 98 9
68 80 3
37 28 4
119 46 7
28 75 7
103 91 8
7 38 4
119 30 7
111 19 2
9 21 9
2 126 5
46 67 6
79 4 8
106 0 6
98 120 2
97 126 9
132 104 7
18 40 1
134 79 9
137 41 4
34 99 3
0 113 8
124 39 6
44 45 8
19 64 5
17 51 2
103 61 3
17 28 4
74 24 3
93 108 7
85 118 7
41 123 2
1 69 1
61 33 3
56 102 3
49 86 9
72 116 1
101 131 2
22 112 7
118 122 2
18 52 4
9 57 9
135 130 4
3 121 2
118 117 2
138 47 8
86 108 6
48 80 7
131 44 3
81 48 2
108 112 3
105 126 5
15 40 5
31 43 2
102 74 4
6 136 2
130 75 6
14 106 9
83 89 5
71 33 1
44 88 1
39 127 4
126 18 8
88 4 1
42 13 8
39 93 2
131 118 1
71 70 7
86 138 6
28 10 3
92 18 7
100 21 1
87 65 8
3 113 4
14 59 7
27 130 3
108 67 1
22 113 2
31 24 4
57 53 9
75 116 3
68 102 8
1 75 7
136 46 6
55 39 2
22 30 9
27 13 6
100 88 8
6 121 1
112 85 6
134 31 3
32 65 1
41 99 1
33 70 8
75 83 3
127 98 3
8 51 6
127 123 6
39 74 6
101 139 5
60 26 3
94 13 5
16 19 5
44 106 1
68 74 2
42 113 7
75 57 2
31 91 5
74 138 5
31 17 7
53 40 3
9 16 2
46 103 1
107 87 3
91 0 1
89 57 3
52 44 6
73 113 1
28 137 6
48 133 6
41 13 2
6 90 4
65 25 9
106 55 6
66 13 4
54 128 9
119 28 4
19 114 3
139 61 4
63 102 8
33 95 6
110 35 9
79 125 7
4 97 5
62 71 3
63 57 5
101 1 3
107 23 9
24 108 9
126 58 6
49 138 1
132 62 3
45 58 8
33 114 4
88 64 6
133 41 9
129 70 8
114 54 3
111 31 4
85 61 9
28 13 8
69 98 4
35 10 2
12 29 3
93 75 5
93 24 1
111 110 2
38 53 4
38 94 1
108 117 8
88 50 8
8 43 6
121 58 1
77 10 9
64 72 2
46 83 5
30 100 5
10 40 7
112 103 6
10 102 6
89 129 6
126 102 4
13 50 6
130 86 2
89 123 2
134 129 9
115 74 2
123 79 6
108 73 1
23 123 9
83 128 6
109 134 7
61 43 4
49 37 4
49 124 1
59 9 5
110 32 7
139 124 8
98 26 6
38 72 1
10 79 2
130 139 3
64 67 7
111 56 2
62 73 4
117 52 1
21 102 1
82 38 5
36 103 5
66 101 9
71 123 1
16 123 1
22 93 4
1 126 9
59 71 1
3 97 7
29 88 7
114 121 3
62 75 3
108 139 2
111 77 5
37 27 5
109 41 9
55 129 9
44 128 4
86 95 6
44 89 2
97 98 1
58 129 2
78 111 8
137 78 6
42 129 2
77 139 9
23 26 8
86 122 4
49 52 7
112 62 2
43 7 2
19 88 1
33 45 3
58 20 1
27 23 5
133 61 3
99 108 1
112 109 9
100 119 6
25 133 6
95 60 6
111 120 9
93 139 8
137 46 2
118 64 9
36 35 2
44 81 8
3 7 8
95 22 3
114 88 4
64 136 5
65 106 7
10 7 9
24 122 9
95 47 6
99 55 7
66 67 8
29 72 9
131 23 7
23 3 9
78 10 7
15 48 4
35 16 3
3 64 5
134 12 7
28 89 1
67 49 5
74 52 6
139 117 9
85 63 5
122 59 2
84 44 6
76 4 6
24 48 9
108 110 4
29 45 5
27 102 6
111 80 8
116 37 1
77 68 7
81 87 9
96 88 6
80 90 4
36 60 9
110 74 3
116 91 2
103 110 8
1 60 9
34 66 5
80 92 1
39 42 2
16 33 4
47 85 6
76 46 5
45 8 9
19 63 7
79 132 6
34 22 1
27 49 4
38 17 6
8 41 6
87 123 6
54 79 4
125 58 6
82 24 6
51 38 3
115 47 4
48 127 6
122 66 2
6 134 4
25 129 6
128 26 7
116 134 7
122 3 6
112 77 2
41 72 4
126 130 4
46 69 8
50 84 2
71 64 5
81 135 5
8 23 5
74 91 7
80 118 3
109 37 3
28 102 1
116 15 4
60 128 5
107 120 5
47 43 1
44 114 6
54 5 1
70 89 2
34 112 1
68 125 5
33 66 3
44 6 3
90 131 8
57 113 2
97 73 8
22 14 4
109 90 1
55 98 7
84 58 4
133 38 2
94 62 9
17 65 9
21 12 3
120 40 5
118 45 5
83 97 9
63 65 5
114 38 2
54 133 7
87 30 2
8 27 9
75 49 7
21 110 3
92 37 1
120 117 1
37 7 3
81 68 8
98 0 3
90 85 3
128 34 5
100 11 1
47 125 7
29 1 2
78 64 9
64 41 9
133 23 4
64 69 6
54 70 6
72 8 4
129 66 2
82 23 8
139 47 5
34 39 8
4 94 3
74 116 4
55 58 7
105 120 6
26 21 7
124 80 1
58 104 7
103 93 1
90 110 6
38 63 6
28 38 4
106 110 6
5 110 8
5 102 8
2 68 2
98 56 9
120 35 1
106 104 6
63 31 1
66 126 2
73 120 4
129 98 2
99 14 2
19 41 2
115 34 7
98 15 5
89 8 2
22 69 9
76 94 4
26 117 1
127 92 7
24 17 2
14 34 9
72 107 1
133 114 1
16 129 1
19 33 8
81 113 5
37 128 7
133 49 4
22 116 1
123 57 6
3 36 8
23 91 2
91 6 4
29 22 9
42 9 2
112 125 6
139 40 6
114 103 1
19 10 6
63 126 2
36 94 9
108 126 4
106 135 7
108 111 3
51 132 9
11 36 7
18 122 1
39 72 6
122 87 8
67 79 7
40 92 8
86 42 8
71 138 4
37 94 1
15 50 9
44 104 7
137 108 6
103 33 6
2 135 4
134 59 4
132 122 7
105 106 7
59 106 4
6 114 6
14 23 5
82 68 7
85 8 4
93 114 2
36 61 2
105 122 2
52 78 8
129 41 6
56 82 7
95 118 3
36 55 8
73 80 3
29 77 8
64 43 8
62 105 4
84 128 7
100 101 4
12 139 5
39 2 3
116 60 1
19 90 7
136 60 7
84 38 2
106 62 2
15 55 2
117 87 4
51 41 9
10 120 8
72 70 9
11 97 2
42 38 6
36 25 9
63 118 1
44 50 9
132 42 9
18 110 3
49 56 5
68 112 4
126 115 3
27 110 7
5 17 6
105 33 1
102 54 9
101 95 6
70 39 3
70 122 2
30 83 2
133 26 9
104 111 8
37 20 5
105 40 2
49 30 8
16 115 9
17 42 5
33 27 3
132 50 8
99 15 6
31 137 2
67 45 1
49 18 7
32 12 9
116 84 7
15 115 5
0 68 1
35 31 8
119 7 5
108 50 4
29 14 5
42 121 3
122 110 9
103 83 6
47 113 9
96 1 3
135 54 5
1 11 1
73 118 9
40 131 7
96 42 3
133 115 2
40 123 6
93 28 9
17 94 4
52 37 9
38 27 4
59 116 3
63 29 4
91 86 1
20 23 2
58 10 4
68 26 4
83 115 8
42 2 8
38 52 8
30 99 1
66 111 7
73 63 6
129 37 1
119 87 8
109 57 1
38 115 4
120 139 4
137 57 6
90 7 3
130 105 7
15 90 3
64 110 9
46 106 3
3 105 5
106 36 1
87 101 3
60 87 5
102 52 1
85 41 4
42 106 5
38 10 5
16 64 4
72 46 3
70 57 5
14 54 6
56 59 2
139 66 5
94 24 4
56 116 8
99 68 7
117 103 7
65 3 8
81 32 9
109 8 6
108 33 2
47 136 3
33 109 5
73 5 6
9 115 1
136 129 4
57 47 4
44 90 2
2 96 1
74 40 1
65 89 8
87 19 8
5 90 5
74 136 9
129 19 2
50 11 5
31 19 7
1 88 3
118 133 1
117 119 8
56 107 6
110 87 8
10 122 8
78 103 6
135 1 4
58 139 3
22 134 9
40 44 8
52 97 8
76 82 6
76 38 8
91 112 6
115 48 2
41 60 1
37 44 6
101 54 8
67 4 8
67 25 2
109 130 3
93 2 4
128 95 9
107 131 6
59 91 3
52 112 4
5 77 4
23 71 5
106 79 2
30 55 5
14 24 4
74 19 9
129 131 2
5 64 8
103 31 5
32 118 2
102 12 9
1 41 9
19 105 3
85 42 9
35 90 3
129 13 5
124 37 8
59 46 4
65 73 4
136 127 5
57 73 4
51 102 3
24 137 6
13 87 2
41 80 5
24 127 1
19 8 5
39 90 9
91 5 1
132 126 4
101 62 1
129 60 7
3 120 8
25 98 7
18 13 4
48 28 1
8 66 1
95 135 3
116 8 5
44 23 6
126 20 1
43 6 6
92 20 5
111 9 7
7 139 2
80 44 8
100 112 5
96 123 5
74 108 8
97 119 1
117 51 4
83 65 4
83 125 6
23 15 2
58 122 2
62 129 1
21 131 5
58 27 1
89 47 2
4 65 1
84 107 9
93 123 7
114 131 8
138 36 7
82 104 4
11 4 7
45 110 9
4 135 9
121 10 9
72 129 2
29 10 3
87 34 4
50 5 6
116 95 9
59 121 7
7 57 9
35 116 9
104 65 9
25 85 3
12 4 1
134 62 3
69 35 5
46 123 4
8 34 8
38 91 7
46 111 9
87 23 4
115 90 2
82 35 8
41 28 4
62 116 3
13 20 8
6 32 8
11 120 3
47 78 9
68 63 3
104 113 1
95 137 8
127 42 7
45 42 8
92 102 8
109 52 3
53 35 2
38 89 8
63 135 1
87 41 2
45 23 6
28 133 1
75 111 2
30 40 8
49 87 8
109 42 1
36 28 6
101 2 2
82 101 3
83 72 1
22 42 1
51 57 9
126 26 9
48 122 4
84 83 8
5 79 4
119 127 4
8 0 7
139 13 2
27 97 4
57 26 7
62 138 3
37 57 3
110 43 4
25 28 3
138 45 3
64 63 1
80 114 9
45 89 7
110 120 4
26 53 3
118 53 6
20 27 3
119 3 9
138 116 2
115 75 9
116 66 9
5 108 9
76 81 1
139 122 5
48 73 7
13 47 7
32 90 6
125 69 5
9 132 5
50 42 5
128 51 2
112 102 3
34 122 9
123 56 4
123 47 8
3 32 8
23 104 4
51 6 7
47 31 6
43 103 6
21 137 7
8 121 1
110 101 1
53 72 4
112 116 1
62 5 5
116 0 1
46 16 8
100 51 6
97 117 1
52 125 9
130 48 3
34 81 7
111 133 4
34 63 1
102 16 9
136 15 7
102 136 8
18 17 7
27 119 7
26 51 1
11 54 1
8 104 4
85 107 9
73 132 8
133 7 5
41 104 4
84 56 4
103 84 8
5 98 8
130 61 2
82 36 6
17 96 4
24 109 4
15 68 4
35 8 4
104 80 5
30 15 6
92 85 4
124 7 3
139 135 6
21 117 8
85 9 9
56 30 8
7 71 1
127 87 5
65 62 7
79 114 6
16 108 6
95 129 1
103 48 4
49 45 7
116 109 3
47 44 5
138 97 8
40 48 6
14 6 5
74 69 5
91 78 3
102 79 5
127 118 9
58 17 1
68 13 8
55 111 5
107 31 5
96 40 2
119 82 8
41 121 2
91 114 2
29 132 6
8 57 1
4 136 3
0 128 5
111 5 7
135 75 4
110 67 6
35 24 9
28 100 9
43 5 1
123 12 1
31 85 4
110 6 1
88 21 9
40 12 5
82 130 6
58 105 4
59 126 3
76 96 3
104 72 4
91 73 9
133 79 2
111 38 7
89 75 9
54 72 2
27 21 4
18 93 9
107 82 4
40 24 5
139 6 5
121 45 4
83 13 9
7 105 3
12 81 7
120 29 3
85 88 3
12 42 6
29 105 7
75 25 1
117 127 8
83 51 5
117 111 4
97 125 5
133 119 6
94 117 8
108 3 5
41 110 4
132 55 9
104 79 2
71 17 4
13 53 9
106 95 9
84 121 3
130 8 9
115 134 8
24 89 7
70 102 2
77 73 2
0 121 1
36 105 3
71 30 8
134 46 1
14 84 4
102 91 6
99 45 7
76 130 1
2 72 2
85 123 4
11 60 8
94 104 7
117 88 7
24 68 7
17 6 7
29 70 4
30 76 3
72 93 4
25 118 4
82 135 2
119 83 9
77 28 1
26 139 5
121 33 1
46 36 8
90 138 3
116 48 5
28 106 8
62 44 1
111 136 4
105 44 9
67 98 1
103 94 9
109 38 4
117 115 4
92 103 3
100 56 3
65 82 4
79 97 5
49 12 2
51 16 5
45 106 3
5 13 9
67 9 7
40 109 1
136 32 8
75 40 5
10 89 4
118 137 7
44 36 3
116 124 3
15 67 4
41 3 3
136 35 7
80 42 9
56 44 5
36 72 4
135 68 6
40 37 2
71 76 3
68 103 3
126 24 5
59 123 2
122 40 6
45 41 3
93 104 9
82 47 1
128 104 5
36 101 3
14 1 8
107 110 9
36 59 2
110 1 8
94 14 1
33 1 2
28 53 4
135 97 8
53 62 9
92 11 6
1 112 1
48 31 5
25 31 3
87 17 3
21 10 7
76 42 1
7 103 3
69 10 7
86 131 8
101 86 8
88 68 4
77 84 3
8 44 2
6 13 8
112 47 2
63 132 8
50 53 2
92 4 6
114 18 1
19 54 6
40 115 7
60 82 7
30 68 1
71 46 4
21 14 5
20 65 3
0 112 8
8 102 9
21 115 7
133 57 6
29 124 6
39 8 5
113 54 6
139 136 6
48 70 4
124 9 7
129 122 4
75 69 9
34 132 5
60 27 6
31 60 1
98 72 9
42 57 8
134 114 5
81 50 2
109 60 3
122 15 3
63 8 5
104 120 3
60 38 3
58 61 7
52 113 7
36 77 6
39 27 4
119 25 2
116 103 1
50 129 6
120 34 3
103 42 8
95 37 7
120 26 8
32 59 9
27 73 4
117 30 8
89 11 1
15 89 5
139 30 7
86 68 4
122 74 3
125 2 7
66 46 3
61 74 6
87 32 2
41 96 5
30 81 2
56 118 8
3 58 1
128 124 5
31 74 2
123 20 2
139 107 2
87 93 8
81 124 8
111 81 7
93 120 9
34 111 3
108 30 1
45 20 6
64 68 6
70 42 2
126 81 4
75 80 6
66 59 9
39 113 1
79 93 5
103 109 8
100 14 4
0 53 1
103 80 4
105 26 3
98 115 8
83 96 1
30 122 5
77 97 3
117 13 5
43 49 2
65 100 9
69 60 3
137 87 2
26 112 5
7 86 5
27 19 6
64 2 7
94 18 6
23 54 8
62 0 5
60 25 5
41 61 1
51 80 7
56 41 3
125 106 6
133 94 9
119 62 9
10 30 4
108 64 3
4 30 2
2 120 6
71 133 9
43 36 4
120 7 3
85 53 9
121 117 2
10 55 4
59 24 6
4 122 3
45 52 6
61 87 3
31 113 6
41 107 9
5 94 4
92 2 5
138 103 2
89 85 4
120 125 9
37 125 3
42 47 6
97 111 7
104 62 5
0 65 2
49 95 7
115 130 9
105 136 2
80 101 5
111 39 8
92 13 8
5 85 7
75 46 3
84 99 8
128 88 2
0 108 9
26 8 9
40 32 2
100 53 8
96 91 9
19 57 7
43 41 2
96 101 3
49 24 5
113 105 7
14 25 6
19 122 6
83 2 7
127 100 6
79 52 5
14 108 4
114 17 7
33 119 3
56 127 1
105 35 9
95 29 5
13 134 2
82 7 2
6 73 9
121 109 7
138 110 9
77 119 6
40 70 7
76 52 8
88 109 9
124 105 5
114 124 3
89 135 2
51 78 4
65 110 8
38 86 3
0 83 1
2 44 5
72 58 8
15 113 3
60 72 1
126 106 7
91 92 3
93 19 5
111 7 5
25 120 3
71 92 8
13 105 2
107 54 3
134 0 4
112 19 2
82 118 3
59 69 1
63 15 2
61 23 3
85 2 8
33 36 5
26 115 6
59 104 7
70 44 2
81 77 5
47 33 1
3 48 6
46 78 9
58 63 3
29 8 5
107 48 1
124 101 9
64 83 7
70 121 8
53 83 7
3 79 7
58 38 4
98 36 3
2 113 9
102 59 8
90 22 4
113 63 4
18 115 1
54 80 6
102 100 9
10 42 6
134 14 3
40 2 3
40 133 7
102 50 2
21 52 1
44 57 6
90 1 5
46 12 5
36 86 4
76 61 4
90 18 4
19 86 2
24 27 3
139 128 8
27 115 4
139 17 5
17 90 1
48 53 7
92 105 9
106 21 4
124 16 5
70 34 5
96 29 7
11 24 1
67 130 7
2 16 2
114 116 7
38 73 3
85 32 7
2 65 5
65 70 2
41 118 7
31 62 7
94 119 7
115 100 8
22 23 3
66 85 1
3 47 2
133 139 3
77 44 9
139 21 9
23 126 5
122 43 5
69 87 5
115 125 3
54 25 2
14 117 6
128 77 6
49 109 8
14 58 6
118 12 1
56 67 3
25 101 5
56 119 9
117 125 1
17 25 9
19 6 5
132 26 7
95 92 2
88 47 7
87 42 5
66 76 6
51 126 9
55 37 3
107 64 7
2 12 8
66 18 5
9 0 1
103 60 1
131 37 2
70 19 3
89 25 8
127 82 2
94 84 3
81 55 9
136 130 9
133 95 3
70 4 7
12 66 4
8 52 2
91 33 9
98 133 5
60 34 6
33 113 6
10 75 4
139 10 7
69 5 7
15 75 7
13 37 6
110 30 2
98 125 5
55 64 2
16 15 3
40 35 3
89 108 2
6 42 6
117 85 3
135 38 8
26 106 9
31 64 3
20 84 7
9 84 9
70 91 3
78 0 2
88 14 7
58 134 9
24 9 8
121 138 4
99 122 8
101 7 4
8 87 8
92 121 1
116 21 6
22 98 4
100 96 5
100 85 7
115 32 7
114 70 2
27 132 5
108 37 6
5 126 9
3 76 3
101 132 3
125 128 8
133 52 9
19 127 1
25 105 2
30 134 8
36 65 9
117 77 6
48 56 2
75 73 9
6 122 4
41 92 3
105 104 6
49 136 6
79 117 8
21 22 8
92 87 3
104 74 5
50 120 6
57 135 3
9 39 3
48 92 5
27 134 5
58 2 8
85 101 8
97 132 4
101 3 7
77 103 7
13 127 5
57 60 3
133 18 5
1 26 1
18 14 2
18 105 6
19 96 4
9 88 2
19 45 5
27 47 5
76 87 5
10 80 9
84 74 9
4 42 5
49 91 8
138 69 8
63 130 7
75 103 3
34 11 4
127 25 6
48 100 9
119 49 8
15 131 4
86 69 5
120 97 7
0 79 6
53 42 5
138 22 8
37 62 3
65 99 6
5 103 2
136 52 9
30 62 1
55 16 7
93 59 4
11 93 3
5 14 2
43 63 7
3 50 4
89 49 8
100 39 2
12 77 5
104 88 1
16 75 6
13 73 6
76 48 6
8 59 5
58 66 2
26 102 7
82 87 9
5 88 4
113 51 5
95 97 6
99 107 8
29 51 4
127 135 3
137 23 8
7 68 8
134 42 2
138 16 5
8 101 3
129 113 2
108 127 5
45 47 4
7 89 5
116 69 1
35 85 7
15 1 8
93 107 9
24 36 8
78 82 6
114 122 5
40 110 3
77 135 6
32 10 4
90 38 3
39 68 3
46 79 7
72 59 8
71 48 4
30 109 7
14 92 8
25 77 9
130 129 7
55 130 1
125 3 4
0 4 7
108 121 2
91 134 2
12 7 2
59 73 1
44 113 3
93 47 1
26 18 1
115 119 7
72 50 3
116 90 2
39 120 9
117 124 8
124 130 4
92 82 9
54 116 1
27 108 2
12 84 2
139 24 9
82 43 2
34 129 7
55 114 9
83 78 6
80 65 9
9 122 4
39 137 3
56 24 4
39 119 6
4 17 4
101 115 5
116 51 4
84 88 6
6 63 8
51 11 5
4 130 4
53 23 3
40 67 1
99 79 5
137 64 5
8 97 9
25 40 3
135 60 3
71 130 6
109 59 9
86 23 5
63 52 6
58 56 4
112 84 4
43 73 7
43 25 2
22 91 7
35 135 6
62 48 9
33 42 8
17 36 8
79 49 9
38 48 6
23 55 1
62 6 7
32 4 7
86 52 8
139 75 8
6 52 6
13 128 7
105 45 8
20 31 8
69 134 4
62 84 2
99 47 4
84 54 1
21 135 5
105 17 3
34 68 7
138 106 1
39 33 5
2 10 8
91 4 2
86 64 7
109 18 4
19 98 8
112 94 7
87 97 8
0 94 3
51 34 2
3 99 9
36 123 6
103 69 9
133 14 6
25 50 8
43 80 9
40 134 8
76 115 9
22 35 3
48 26 1
59 113 2
76 72 6
40 87 1
128 70 8
46 93 7
137 100 4
23 9 3
73 84 7
78 117 4
76 139 4
32 69 2
9 78 9
2 87 9
118 23 9
105 10 1
113 86 4
57 69 9
130 59 9
32 22 8
113 58 6
13 24 6
51 76 7
102 96 6
72 91 3
58 85 4
14 55 3
88 101 5
94 7 6
126 3 2
89 94 3
73 102 7
120 1 6
57 66 3
120 118 4
104 26 2
20 57 8
139 56 7
66 128 6
84 19 9
45 124 9
104 136 2
121 128 5
103 135 8
17 32 9
66 137 8
41 39 1
36 92 5
86 110 3
17 76 2
58 81 1
125 50 9
112 81 9
109 44 4
71 139 6
49 36 9
81 82 4
16 14 6
118 105 3
128 7 8
95 8 3
75 72 1
37 32 3
64 42 8
58 78 1
3 95 4
106 8 1
1 16 8
108 47 7
10 50 9
121 38 4
111 1 6
52 114 5
19 20 1
29 74 4
73 76 1
72 10 6
58 86 1
10 127 1
11 25 1
17 93 4
101 93 1
21 109 7
132 52 7
67 132 9
114 45 9
43 106 6
128 76 6
39 75 6
105 41 4
43 46 5
43 129 5
27 93 8
60 48 2
91 101 2
43 136 3
46 54 1
24 7 3
43 99 6
71 57 6
90 58 7
3 11 1
97 21 1
34 62 3
26 89 5
15 130 5
59 80 9
139 33 9
66 25 1
33 31 3
117 9 7
36 48 4
27 42 7
92 81 7
27 107 6
26 129 3
22 4 5
9 65 3
134 25 7
70 131 1
106 52 6
37 24 4
126 117 1
114 68 4
66 68 7
116 125 2
22 137 7
54 92 7
88 106 4
64 52 8
111 109 1
59 25 2
49 73 5
60 97 2
76 107 5
51 13 9
26 138 9
44 126 6
59 132 1
122 1 9
123 83 6
123 86 5
73 29 5
23 75 4
67 35 5
115 5 5
72 30 1
132 81 3
95 123 8
54 137 8
10 16 2
88 66 1
71 90 1
83 61 7
50 106 6
94 139 6
99 48 6
97 45 8
6 65 2
42 43 8
96 60 9
57 80 2
57 115 8
12 50 9
66 96 2
130 97 4
61 28 4
109 86 8
50 24 1
74 128 6
63 37 6
89 97 7
137 43 4
1 130 7
29 138 8
15 100 7
21 4 7
98 121 6
98 85 4
22 125 5
41 30 1
32 126 4
26 45 2
31 45 7
43 27 7
79 74 9
124 61 4
139 32 9
132 112 1
5 61 3
137 50 7
62 139 3
67 6 1
32 5 7
39 101 1
101 75 4
106 73 6
53 87 2
25 55 8
117 24 9
75 31 7
72 52 3
71 137 3
62 8 5
90 54 5
124 104 9
107 43 5
43 131 6
132 4 6
70 110 9
51 114 3
54 115 3
10 81 4
135 100 7
95 79 8
51 88 2
68 40 7
129 84 3
72 44 3
20 117 3
7 54 3
38 37 9
82 72 3
137 125 1
79 118 4
66 49 7
52 121 1
87 79 9
128 61 8
6 16 5
19 119 9
66 9 4
70 36 9
59 99 8
128 120 7
130 98 2
4 108 1
82 62 2
117 116 7
55 60 4
41 113 4
36 127 5
133 12 8
97 114 5
22 51 1
43 119 4
37 47 3
27 137 2
19 128 4
8 92 6
63 129 5
67 47 8
15 83 5
120 5 1
44 96 1
134 88 4
17 124 9
82 20 6
100 45 6
110 85 3
113 120 4
35 59 6
87 80 8
38 132 3
116 42 9
114 49 5
112 93 1
21 113 3
30 27 2
3 43 3
9 95 5
134 96 4
30 20 6
7 0 8
104 99 6
124 133 5
45 95 4
5 101 6
51 101 1
62 45 8
122 31 1
4 75 2
135 8 9
78 38 8
76 102 1
98 111 9
138 81 4
108 11 8
7 6 4
69 123 7
20 66 4
17 64 7
93 105 7
138 18 3
56 125 5
28 84 6
17 46 8
82 59 3
102 127 2
35 50 5
46 126 5
100 79 1
65 56 5
30 107 8
9 114 8
75 123 2
99 78 4
43 17 1
76 13 4
17 126 4
17 135 1
136 108 4
61 2 4
0 74 1
126 45 9
138 136 4
67 5 4
97 127 8
132 82 1
0 12 8
81 70 1
26 75 4
113 23 2
103 16 6
7 70 1
73 44 1
18 39 8
40 104 8
28 118 8
44 22 9
94 111 8
117 37 8
79 115 3
125 31 4
15 71 3
57 12 4
67 34 6
121 110 1
111 54 3
97 53 1
120 42 5
127 132 6
53 78 7
89 37 8
83 6 8
54 0 7
113 46 5
14 73 3
0 24 2
96 87 3
15 118 7
36 57 9
90 45 3
108 1 6
118 21 9
116 68 8
46 124 8
57 17 8
54 74 8
76 16 1
116 38 9
127 115 8
19 123 7
116 25 3
49 5 9
9 120 5
72 73 5
23 29 9
120 60 2
136 81 6
65 30 3
7 19 5
137 11 8
39 32 5
31 3 7
2 6 1
40 58 1
128 36 6
15 13 8
97 55 4
132 87 1
83 129 2
29 112 4
32 75 2
49 28 1
39 94 8
66 123 2
95 18 9
81 91 3
88 123 7
85 73 8
61 126 9
38 100 8
111 16 9
7 131 7
110 12 1
117 82 2
63 55 2
49 69 5
93 49 9
51 30 2
113 99 5
137 16 1
36 134 6
139 87 2
2 51 3
97 40 4
52 66 2
51 96 2
136 7 1
58 68 3
21 1 2
88 58 3
69 70 5
37 8 7
128 98 2
106 9 4
83 90 5
65 95 4
61 52 2
57 79 3
133 125 5
11 29 1
81 89 1
55 2 3
116 39 4
129 105 9
31 51 7
91 135 5
93 127 2
50 121 9
0 103 5
82 40 3
32 72 1
3 137 3
119 72 6
38 99 2
104 64 9
73 9 8
85 75 9
90 41 2
18 74 5
38 62 8
126 42 7
109 2 2
94 79 6
88 28 2
100 54 3
53 114 5
29 59 9
27 45 7
14 74 2
111 22 9
133 72 3
120 99 4
68 85 1
101 59 4
51 109 4
5 129 1
127 86 2
12 52 8
72 35 8
9 128 7
121 67 7
28 52 1
96 70 4
80 110 9
3 70 4
85 115 7
30 129 8
26 10 1
16 96 2
117 68 1
25 92 6
94 110 4
114 118 1
52 13 4
52 83 5
84 102 1
96 103 3
32 66 9
34 79 7
50 32 5
48 27 7
67 72 4
42 110 6
43 21 1
57 18 7
10 98 4
86 125 5
72 9 8
79 42 8
61 96 5
129 127 1
126 99 6
117 44 3
46 81 4
20 121 2
16 98 8
48 8 6
95 10 8
49 77 9
78 122 7
114 65 6
131 102 9
113 80 1
34 88 8
74 130 9
85 6 2
80 134 4
85 24 7
52 88 3
10 9 3
32 98 1
6 103 6
88 137 2
117 109 3
89 53 3
93 132 6
63 112 4
76 58 7
75 88 9
33 40 8
37 88 4
63 45 4
119 36 4
5 132 9
116 17 7
7 2 7
48 46 4
80 83 4
17 113 3
14 101 6
91 90 8
22 104 5
105 77 5
93 71 3
35 94 8
10 82 5
131 106 2
29 108 5
16 85 4
24 57 4
28 47 4
11 103 7
128 57 5
81 3 2
135 96 5
91 124 2
106 40 2
21 46 8
75 105 3
126 29 3
108 92 1
58 1 9
108 102 1
27 15 9
136 44 5
12 136 5
125 49 4
7 1 9
42 52 3
119 78 5
96 108 8
19 46 1
37 35 7
65 50 7
95 34 4
19 80 9
125 94 9
58 26 3
109 4 7
69 55 4
86 48 2
39 123 4
10 47 5
100 46 4
14 115 9
133 92 3
99 19 7
51 33 6
36 75 4
76 65 7
17 85 9
33 55 4
65 98 6
132 114 9
100 109 4
107 22 6
72 11 5
48 47 1
112 69 4
44 13 4
114 14 4
14 12 3
31 32 8
46 13 3
58 93 2
34 138 9
3 88 5
42 29 6
26 108 4
47 29 2
38 25 2
82 123 3
27 85 8
49 85 4
136 14 9
1 95 1
82 30 7
11 13 8
129 119 8
97 128 5
0 3 4
11 85 8
115 44 2
108 125 2
3 92 6
121 91 3
14 102 7
19 73 2
62 72 3
48 139 6
107 126 3
90 86 1
25 96 8
8 33 8
44 66 4
99 101 1
54 99 9
123 6 2
85 102 7
82 49 5
80 1 5
0 90 2
74 50 1
36 84 6
24 33 2
95 7 5
71 109 5
117 40 8
18 80 2
110 34 5
94 134 1
127 99 6
13 130 8
127 69 9
53 11 6
50 1 2
138 25 2
77 116 9
97 57 8
4 71 9
60 58 6
51 86 2
39 138 3
11 76 8
7 42 2
3 4 7
14 130 7
139 0 9
15 28 3
58 16 7
117 53 6
127 34 3
126 13 5
119 107 7
28 21 1
77 92 5
122 127 3
68 126 7
67 59 6
125 78 3
100 58 9
26 35 7
33 137 7
121 69 8
48 10 8
5 84 7
20 79 3
2 79 2
12 1 8
104 52 4
97 85 1
134 81 1
27 17 4
125 17 9
117 112 2
54 8 3
2 37 7
121 64 1
29 36 9
69 129 3
135 61 6
0 70 7
18 5 3
86 114 6
137 56 6
19 134 3
3 87 2
122 64 9
59 128 5
94 101 1
80 88 3
54 117 7
68 17 4
17 13 2
106 30 1
134 23 3
118 13 3
88 11 3
111 126 3
13 57 8
26 101 7
29 20 4
36 67 1
5 117 3
28 76 6
102 18 8
21 90 5
31 27 9
115 82 1
85 52 2
29 31 7
96 81 3
6 27 5
63 92 7
57 45 3
132 41 3
137 55 5
81 127 3
42 124 4
37 31 2
55 44 7
75 84 2
4 134 5
42 23 2
35 133 2
116 79 1
116 76 1
99 9 2
11 109 3
87 10 6
130 91 6
128 69 8
42 71 4
111 123 1
113 123 1
96 24 2
92 5 7
6 57 3
131 88 5
47 101 4
70 74 6
96 132 1
0 21 9
123 48 1
15 41 2
125 100 9
68 18 5
122 71 8
80 33 5
65 57 7
13 48 4
49 115 5
107 115 5
7 45 6
14 67 6
86 14 1
10 22 8
35 0 3
123 14 3
112 101 2
102 34 3
127 11 1
76 88 5
90 37 8
81 107 4
14 28 5
14 121 9
7 46 9
40 118 9
114 27 5
23 7 5
58 69 2
78 136 3
2 20 6
3 82 4
110 130 3
75 45 6
49 1 9
90 4 9
98 113 6
95 87 9
43 48 1
137 85 8
46 9 3
58 138 7
113 119 4
68 96 1
95 4 4
115 131 4
62 93 3
23 79 8
134 78 6
124 84 7
89 66 8
3 139 4
55 17 2
101 118 9
24 4 6
45 22 1
131 33 5
44 133 7
81 29 8
61 86 9
119 131 6
14 98 3
26 113 8
63 4 7
19 38 9
57 98 3
73 60 7
98 1 5
19 51 2
70 137 2
134 34 2
60 84 9
1 121 8
22 16 7
115 37 1
97 23 9
129 12 5
86 62 2
43 4 7
95 115 3
139 86 8
109 35 3
53 120 3
53 93 9
115 78 9
82 51 4
67 107 1
9 34 7
108 105 5
16 87 8
133 24 1
123 137 4
5 28 8
51 121 4
38 93 1
13 45 2
137 121 9
10 20 8
108 46 8
61 25 8
114 32 3
79 35 2
66 22 6
123 68 6
101 127 1
23 31 7
104 50 2
67 58 7
82 34 4
15 56 1
64 10 3
16 113 2
127 2 9
70 67 4
69 61 5
33 97 2
85 111 5
14 82 4
87 38 2
121 39 8
70 115 3
25 23 6
92 101 7
89 55 2
55 4 1
93 8 2
128 27 9
24 105 7
57 29 2
100 120 6
65 108 2
121 88 5
8 36 8
24 106 7
1 92 5
5 25 7
38 85 7
101 104 6
108 95 7
94 6 9
116 58 8
85 83 6
52 43 5
89 117 9
11 68 5
91 52 7
17 110 6
96 65 8
71 110 7
125 25 3
96 109 9
37 46 8
89 42 6
61 107 9
19 97 7
108 94 8
3 54 4
24 72 5
82 1 1
64 130 1
40 83 9
125 70 2
88 124 8
6 55 4
43 1 9
43 72 6
89 101 5
13 91 4
75 35 4
12 74 6
93 64 4
122 14 9
42 122 1
34 57 6
25 39 9
97 35 1
34 135 5
95 136 2
50 92 4
21 124 1
108 88 6
92 68 3
34 15 7
96 15 4
119 81 4
91 94 2
4 53 4
6 100 9
18 87 5
86 5 2
84 69 4
80 45 5
53 47 6
122 130 3
86 107 7
5 138 1
69 139 5
65 94 4
24 78 2
94 127 2
113 61 2
105 89 6
0 19 1
113 79 5
94 73 8
111 102 7
70 134 8
122 96 4
50 41 6
55 77 5
10 23 2
123 62 8
110 76 5
95 21 3
94 28 7
11 128 8
136 98 1
90 81 3
70 86 4
128 79 6
74 34 2
29 119 4
89 40 8
92 136 5
70 26 1
60 93 1
49 41 4
122 17 2
38 23 8
116 65 8
36 0 6
131 58 7
62 114 9
7 55 5
118 77 4
139 57 9
45 125 4
24 77 2
138 115 1
53 59 4
83 62 4
76 85 4
64 94 8
96 55 4
46 45 3
107 92 7
129 52 5
32 120 7
91 75 7
52 0 7
92 104 3
107 20 2
40 36 7
69 47 9
138 126 3
11 84 8
122 75 4
122 68 8
67 68 7
12 108 9
0 95 2
121 16 9
34 1 4
74 22 5
50 45 8
87 72 1
37 135 7
48 132 3
46 30 1
136 116 6
107 44 9
112 138 9
29 91 3
88 39 7
60 23 8
47 0 4
25 27 6
71 129 4
127 71 8
112 135 9
36 10 9
44 7 5
9 93 7
63 107 2
83 67 1
138 6 4
17 45 6
1 102 6
62 36 3
1 6 5
76 40 4
23 48 4
19 136 2
104 78 9
49 103 6
68 53 5
56 94 6
9 63 4
16 49 9
107 104 5
18 29 5
125 119 6
83 39 2
36 100 7
32 46 4
75 98 2
5 37 8
123 136 5
130 65 7
13 110 9
70 130 4
48 84 8
95 43 6
98 80 3
112 40 9
7 16 3
85 26 8
99 33 9
53 136 4
17 106 7
34 58 5
117 22 4
17 37 3
62 102 3
15 61 1
42 102 8
112 97 9
103 38 5
56 71 8
65 7 7
20 87 5
122 7 6
64 29 6
81 20 4
98 60 2
7 88 9
78 2 5
14 40 4
24 114 3
33 63 7
84 118 2
99 42 3
98 91 1
82 39 5
92 126 9
106 120 8
33 74 6
48 85 7
131 32 1
82 110 9
48 118 1
116 44 6
129 132 1
39 13 1
12 34 8
46 107 5
68 16 7
18 82 5
57 25 5
102 90 7
30 33 3
45 104 3
25 137 4
76 33 2
85 116 3
24 91 3
136 88 6
35 66 4
112 46 4
81 71 4
135 93 9
73 86 3
67 129 8
66 91 3
49 113 8
40 138 4
48 75 1
82 133 9
71 95 6
76 123 2
61 27 7
124 30 9
124 67 2
17 103 2
22 60 1
98 39 9
77 100 4
12 43 3
5 114 1
60 64 9
15 29 9
32 38 9
138 70 4
14 60 6
83 77 7
106 18 9
102 128 9
50 82 9
53 19 6
12 119 2
60 45 2
108 7 7
30 127 2
57 35 3
81 37 5
3 107 5
4 85 3
70 82 5
124 129 8
62 68 9
89 27 5
71 83 3
130 101 9
86 13 5
124 73 1
50 48 4
132 18 3
72 108 4
48 108 1
22 61 1
8 25 4
129 10 5
112 134 7
45 132 9
121 105 7
77 82 1
75 33 6
4 1 8
65 44 4
76 135 1
25 73 2
18 23 7
35 55 7
75 18 9
4 118 9
24 39 5
44 127 5
47 76 7
99 125 5
107 29 2
46 73 1
121 17 7
38 128 8
102 80 9
2 57 5
108 25 9
65 86 5
94 20 6
21 19 9
99 103 6
67 12 1
47 26 9
92 90 9
102 39 3
77 138 2
39 103 1
29 137 4
117 0 7
35 54 2
117 81 7
112 71 9
89 92 5
111 59 3
82 66 9
79 9 9
79 13 9
119 104 3
66 80 5
91 109 8
70 68 5
12 26 3
134 9 2
82 83 8
42 108 8
5 9 7
42 82 9
130 45 5
128 31 1
31 4 8
37 101 6
12 128 9
66 70 2
28 95 9
131 36 3
43 33 7
102 25 2
91 123 9
39 43 5
69 130 7
98 71 6
67 109 1
127 77 5
90 13 2
87 90 2
42 78 1
37 86 9
101 56 9
118 109 5
76 60 4
82 32 7
126 57 5
37 119 3
33 88 1
38 92 8
120 43 1
70 17 3
32 27 2
63 51 8
5 104 5
63 54 3
114 29 5
138 113 7
91 69 8
66 64 2
59 62 8
20 71 2
103 64 5
100 42 8
111 13 7
6 89 5
85 64 7
34 125 3
37 43 2
45 84 3
3 69 2
31 114 3
59 10 5
49 54 1
111 44 6
15 8 7
51 7 2
105 67 8
97 56 6
47 110 4
44 5 8
39 58 7
103 53 2
13 10 5
60 86 5
89 98 9
102 49 8
104 115 3
1 118 4
86 99 1
53 6 9
75 17 9
107 13 6
107 98 8
71 35 1
24 15 9
32 91 4
116 128 6
20 78 4
99 105 3
3 22 3
9 61 9
129 49 3
131 89 4
106 68 3
9 22 9
66 127 3
122 52 9
121 79 9
15 59 3
135 80 9
73 45 1
60 126 4
72 100 7
4 131 2
131 92 4
61 81 2
23 0 2
75 42 9
65 122 4
100 131 1
30 34 3
135 40 5
121 97 2
42 133 6
138 118 3
113 7 3
68 19 9
126 7 3
84 2 6
43 28 2
31 80 7
15 135 3
34 96 4
8 69 7
38 59 5
97 122 2
61 59 4
120 88 1
48 110 8
34 116 8
104 14 5
45 35 2
26 9 7
137 42 7
78 92 7
125 121 5
58 97 2
14 96 3
69 67 3
52 94 3
123 10 5
130 114 3
98 8 8
15 125 3
36 19 6
128 130 4
18 61 8
31 39 3
78 19 8
59 44 6
37 12 9
77 62 1
72 5 6
32 58 5
63 48 7
46 98 3
102 75 8
103 113 8
4 99 4
14 139 6
103 111 4
106 111 1
29 129 3
40 7 2
129 17 9
40 29 7
103 70 6
49 108 9
2 116 9
92 70 5
134 75 5
89 71 9
116 6 2
74 41 8
117 110 6
63 35 1
20 3 4
116 89 9
112 105 2
105 46 1
110 97 4
61 118 1
14 72 5
117 63 9
121 4 7
62 113 9
133 32 1
12 99 1
26 116 9
77 9 3
7 96 5
10 136 5
64 135 9
34 108 8
111 35 5
101 15 7
122 32 8
106 122 2
39 112 5
51 95 8
100 126 1
10 44 3
75 77 9
121 61 4
26 42 7
112 27 3
54 13 4
50 118 8
99 75 3
30 28 1
137 10 6
96 97 7
87 24 3
17 78 6
96 75 2
76 112 1
61 10 9
97 108 5
131 50 4
55 26 4
45 40 3
8 132 3
74 9 2
112 119 8
4 14 5
53 61 5
30 67 4
45 25 2
81 66 2
3 89 2
120 19 2
128 21 8
8 133 8
86 46 8
21 69 8
40 90 5
17 29 3
130 41 7
46 129 9
114 34 2
74 83 3
90 74 7
31 11 8
126 87 9
20 109 7
92 23 4
40 1 2
12 51 7
113 96 2
68 113 3
13 43 4
35 14 3
123 116 6
123 114 2
132 109 6
113 64 3
29 100 5
97 44 4
112 80 6
2 122 2
8 113 9
80 49 3
59 137 9
13 62 6
101 11 7
28 66 7
5 0 8
132 118 8
85 99 7
42 93 9
8 123 2
15 95 7
63 78 1
98 78 7
48 79 4
54 18 2
91 15 8
112 122 9
11 110 1
134 104 1
87 116 4
62 97 5
16 36 7
68 32 2
99 76 4
122 89 5
71 3 4
133 130 6
11 49 7
83 87 6
85 79 9
112 42 1
21 34 2
86 118 8
136 13 7
105 14 7
45 39 5
35 38 7
67 120 3
118 75 3
17 127 2
97 47 1
61 68 1
130 31 2
123 106 5
99 2 7
100 37 7
60 71 9
55 12 5
0 88 8
119 99 5
52 110 6
78 131 5
36 18 5
43 118 1
32 2 3
12 96 3
124 57 2
74 30 9
35 41 8
39 95 3
126 31 5
11 131 4
50 83 6
125 88 3
63 82 4
49 94 1
125 57 8
52 62 5
123 17 2
38 49 7
113 10 9
106 71 8
55 9 5
19 94 5
29 113 4
68 137 4
36 64 7
113 92 7
136 28 4
107 89 3
85 109 7
91 40 4
98 44 4
52 105 1
100 118 7
59 60 6
104 53 8
109 10 3
52 10 9
105 23 3
104 7 2
109 136 4
120 71 5
39 96 2
7 5 2
106 108 1
22 5 9
56 52 4
83 79 1
95 19 4
61 137 9
74 106 3
14 112 2
6 26 6
138 111 9
58 98 3
18 65 5
5 71 9
12 24 1
48 44 9
44 32 5
107 128 3
134 89 4
92 32 4
67 127 1
109 101 7
78 45 1
104 20 3
115 6 1
121 27 4
99 134 1
135 84 1
54 37 7
116 97 7
10 92 9
46 27 4
38 69 2
125 36 9
68 121 6
59 110 2
139 18 8
108 75 9
24 119 2
29 85 6
34 97 1
45 51 3
63 89 7
45 48 5
30 98 9
137 91 7
64 91 3
5 131 2
66 92 9
53 30 2
36 107 6
113 18 7
108 6 3
61 117 7
66 104 4
88 138 5
3 86 7
12 33 9
1 138 5
79 98 5
63 74 2
41 94 2
91 30 2
111 37 9
129 2 1
117 99 8
110 114 3
60 101 6
49 26 1
85 51 2
1 23 3
89 80 7
44 1 8
82 41 7
43 90 3
77 39 3
88 90 6
93 35 1
88 15 9
127 79 8
138 129 2
131 87 9
74 6 1
27 63 9
125 72 3
41 108 9
94 81 8
27 98 8
55 34 5
120 27 7
43 71 7
53 45 2
69 96 2
55 73 7
28 120 1
27 50 3
99 10 9
38 113 5
7 48 2
6 11 4
106 76 6
85 139 3
45 24 5
3 10 8
35 78 2
86 54 6
56 2 5
1 37 4
16 20 3
95 11 4
73 0 1
94 92 3
28 114 9
19 75 3
22 87 6
15 86 7
117 86 6
74 99 5
8 70 2
74 17 6
16 73 9
105 119 3
87 130 6
39 3 3
111 84 6
109 36 1
99 106 4
70 98 1
70 25 9
2 117 7
40 13 8
63 3 1
116 47 6
109 29 6
55 51 1
81 53 5
75 6 9
72 95 6
81 57 9
47 124 8
94 82 6
74 8 8
32 11 9
134 93 4
33 32 1
76 45 1
90 24 7
35 18 7
1 18 8
21 91 3
1 77 5
79 68 9
70 135 5
2 18 6
110 63 9
49 110 4
102 83 4
6 101 5
22 7 1
32 52 7
69 68 1
65 121 7
136 84 8
99 61 5
67 89 2
111 67 4
16 39 2
92 138 4
133 10 3
42 128 2
139 29 2
31 95 3
139 34 2
62 12 9
13 59 1
113 122 3
22 136 2
19 58 6
109 61 5
104 27 5
69 110 4
29 6 7
105 20 5
95 68 2
134 17 5
28 67 9
65 66 5
26 110 5
132 134 6
65 79 6
125 19 1
70 12 7
102 82 4
81 67 3
121 22 5
0 67 9
19 30 9
24 95 4
136 29 7
91 17 9
123 61 2
96 59 2
43 60 1
79 109 4
72 17 7
32 14 7
125 103 3
55 94 4
71 22 6
64 56 4
105 100 5
84 21 3
109 75 7
82 122 4
84 67 4
40 3 2
1 107 1
64 98 9
97 101 8
4 102 4
52 65 4
74 97 9
49 61 7
67 112 9
121 86 3
90 84 3
29 13 3
100 80 5
66 100 5
112 6 6
70 59 3
50 109 3
117 47 6
95 112 4
98 3 4
138 80 1
31 131 4
47 16 9
23 24 7
84 127 5
58 52 9
31 77 9
30 37 3
131 74 3
61 101 6
44 11 4
122 22 2
130 92 1
97 81 3
94 11 1
39 135 4
24 20 2
131 81 5
17 115 1
69 6 8
136 97 1
84 27 8
64 7 1
37 18 2
27 56 7
72 86 7
29 44 1
99 21 5
119 114 7
27 106 4
117 12 4
137 4 8
61 79 3
38 137 5
88 40 5
26 19 4
58 137 7
1 3 4
25 69 5
20 1 8
51 47 5
18 42 5
119 64 6
98 99 4
31 46 9
115 73 4
51 49 4
29 99 9
65 132 7
22 135 8
127 106 8
115 20 1
114 125 7
73 10 7
53 46 7
62 78 8
99 94 7
96 74 1
109 17 1
113 78 5
69 73 2
116 139 3
129 133 2
6 37 1
84 33 6
37 65 6
64 0 5
31 136 7
41 88 4
91 77 6
96 28 2
112 32 5
56 40 5
82 21 2
130 2 8
117 6 5
86 12 1
135 25 5
121 18 4
28 55 3
16 30 3
62 14 4
133 66 4
106 60 2
16 38 6
54 53 5
90 73 4
110 92 9
24 34 1
111 91 5
130 51 6
95 2 5
36 80 4
52 11 2
28 7 2
119 5 1
130 84 9
128 30 1
2 22 3
13 131 6
123 60 7
69 54 1
70 31 1
9 103 3
22 53 1
20 47 2
47 59 5
99 0 2
53 18 4
85 134 2
20 110 6
97 65 9
138 108 8
35 21 7
111 101 1
82 28 9
119 44 8
56 113 2
88 135 4
42 51 4
82 5 9
53 122 5
120 77 5
22 15 1
13 70 7
43 125 7
134 60 4
38 80 9
28 4 3
95 38 3
91 44 5
18 85 8
60 35 4
79 55 8
122 91 4
112 4 5
7 76 6
114 63 7
72 92 5
78 129 4
84 79 5
36 135 5
77 115 1
51 120 3
68 72 3
136 5 3
39 105 2
35 15 4
125 39 6
44 3 2
90 69 8
9 131 3
0 20 9
136 50 3
49 121 5
18 64 5
131 56 2
81 60 5
12 138 6
134 102 4
100 63 7
52 27 8
61 115 8
51 69 1
4 98 7
115 46 9
47 102 1
111 61 4
14 56 8
101 31 7
106 57 8
116 57 9
20 134 8
74 46 1
130 93 5
3 72 5
3 100 6
44 9 4
33 25 6
33 57 1
51 115 5
131 18 4
134 8 2
50 115 7
81 105 8
4 117 5
44 102 6
0 89 4
55 54 6
44 35 2
4 89 4
112 37 9
117 100 6
80 76 1
50 90 3
117 130 6
106 15 8
124 13 6
52 107 4
31 52 7
18 59 9
44 58 3
134 82 1
129 48 3
23 122 8
101 29 8
61 50 7
138 54 7
86 33 1
115 110 1
133 135 5
1 53 6
96 82 1
110 23 6
61 110 6
39 97 5
101 44 7
52 50 9
12 59 4
134 1 8
36 15 7
67 32 5
125 40 9
56 8 1
60 24 6
129 101 8
87 39 7
69 66 1
133 20 9
128 89 5
102 118 9
112 104 9
36 133 9
11 12 9
57 94 4
31 59 2
86 85 5
39 38 8
37 51 9
46 104 5
13 49 8
21 127 6
87 100 6
35 70 7
82 98 2
90 99 3
32 16 9
121 11 6
49 134 7
125 74 7
118 96 3
30 105 5
80 128 9
120 114 1
99 17 7
92 12 2
121 135 7
113 65 8
45 83 6
94 138 8
93 0 3
78 94 8
118 10 2
56 22 5
16 128 4
19 29 4
87 118 7
62 3 1
78 100 7
115 3 9
46 92 8
119 66 7
44 137 1
87 70 3
137 13 5
78 128 4
0 77 6
20 116 3
58 128 8
34 28 2
1 97 6
23 36 9
7 74 2
63 105 3
22 12 4
114 69 7
137 30 7
60 8 5
104 131 4
58 9 8
122 47 9
121 102 3
88 60 6
26 95 5
35 121 7
20 25 2
49 127 9
138 30 8
114 95 2
22 67 5
54 122 2
8 10 7
73 3 1
107 130 3
101 48 6
42 63 4
126 104 3
97 38 8
54 77 1
22 80 3
48 39 4
5 11 9
100 19 5
76 22 3
64 20 8
126 86 1
22 38 2
90 134 9
139 25 6
105 139 6
138 24 2
63 47 2
14 131 5
122 25 7
58 91 1
61 105 8
101 4 6
136 55 3
133 39 4
121 81 5
15 85 1
12 56 1
40 137 9
55 13 9
83 70 7
101 98 8
45 28 1
119 79 6
76 114 7
9 28 8
89 29 9
100 97 3
84 98 9
45 120 8
9 14 7
136 25 3
11 134 1
24 5 5
3 111 6
113 91 6
107 34 5
20 51 7
43 138 9
67 13 4
139 8 9
23 2 5
93 16 3
96 133 2
120 48 2
69 48 3
78 44 2
110 98 9
103 47 4
96 105 6
37 34 2
11 30 8
81 123 3
127 137 1
53 109 1
132 117 6
10 45 6
26 100 5
47 18 9
88 92 1
102 81 1
51 67 5
0 11 2
26 20 6
44 129 8
70 133 1
78 90 9
4 20 4
136 135 8
25 88 3
61 46 3
83 59 4
120 65 4
78 89 7
123 130 6
129 15 3
43 32 5
87 51 6
31 61 5
66 72 3
37 77 2
94 8 5
84 110 2
46 39 9
104 13 9
38 15 6
88 31 1
27 95 2
78 29 4
67 42 9
43 69 3
135 126 7
80 46 3
135 29 8
22 50 2
31 73 3
84 23 5
56 80 5
69 37 9
70 50 3
83 1 6
122 80 2
55 53 5
37 66 3
113 124 5
88 17 9
96 120 5
29 67 6
27 88 4
85 34 6
8 84 9
113 95 2
136 76 4
94 107 9
88 16 9
117 56 9
89 112 1
41 139 5
58 114 1
30 6 2
98 102 5
58 92 8
47 135 9
1 51 5
49 4 7
96 114 7
91 12 3
1 76 9
124 95 1
135 51 5
126 128 1
58 64 8
85 0 8
56 73 8
31 89 5
55 3 7
20 59 1
100 69 3
103 28 1
89 119 8
115 0 9
92 43 9
27 77 8
10 41 7
16 11 9
65 34 3
104 123 2
41 0 7
87 15 5
65 69 6
116 27 6
30 104 1
84 106 7
58 42 9
19 104 6
1 56 6
6 39 6
34 84 1
15 5 8
85 65 7
71 40 9
91 18 4
96 117 1
122 93 7
60 75 2
138 96 1
100 2 5
90 23 4
9 47 2
40 22 3
109 74 4
28 107 6
108 104 1
86 17 9
25 106 1
41 65 8
109 5 3
81 98 6
100 123 2
82 53 5
69 102 3
38 81 4
108 82 2
93 29 1
83 130 9
115 113 3
63 121 6
4 73 7
62 108 4
73 133 7
114 56 9
114 15 5
53 119 4
106 97 6
92 114 1
102 89 1
17 2 1
4 125 4
127 105 8
4 128 9
96 72 5
134 83 2
119 59 5
28 99 1
45 4 7
84 41 5
133 106 4
32 78 6
41 138 4
99 62 7
60 6 8
6 98 5
112 12 3
111 82 1
82 113 7
63 17 6
63 40 6
12 115 1
82 58 1
33 9 4
130 127 2
29 9 3
38 8 9
55 105 2
12 41 3
20 70 9
31 28 5
103 45 7
127 8 3
59 23 4
60 83 6
20 8 8
99 8 2
126 35 1
124 118 4
58 22 5
58 87 9
46 68 8
7 110 3
27 74 5
30 12 1
35 101 5
72 56 9
21 17 1
33 94 3
77 48 1
79 28 2
131 0 3
87 102 3
62 41 6
106 23 9
45 115 3
96 54 6
6 45 7
94 53 8
25 94 5
16 100 6
0 46 9
37 53 3
124 103 9
20 44 1
87 73 1
24 103 4
54 26 1
69 113 3
56 4 3
35 88 7
86 82 1
76 138 2
65 42 2
48 128 2
127 33 6
80 130 4
89 52 3
42 11 6
86 84 9
29 68 2
59 33 9
130 112 9
32 113 6
100 98 6
93 12 5
28 0 1
77 38 6
82 95 2
12 111 2
59 124 5
121 15 3
135 27 9
42 31 2
125 102 1
113 135 3
16 81 6
48 105 9
9 70 2
12 103 4
113 111 3
137 34 6
23 119 4
111 6 3
11 96 6
33 17 1
96 124 9
108 128 9
6 9 6
18 38 6
26 46 2
109 137 7
96 67 5
91 105 1
47 86 9
82 16 5
129 53 5
99 121 6
116 118 5
92 125 5
54 65 6
64 51 7
48 131 8
123 138 8
109 72 6
48 54 3
17 35 9
96 119 2
88 65 1
76 5 8
18 78 3
46 38 4
43 58 1
118 98 8
39 104 5
129 64 1
31 44 4
111 64 3
57 61 6
62 85 9
94 68 9
40 31 9
36 63 9
133 81 2
33 79 9
126 38 1
42 61 1
123 44 7
118 70 9
51 43 1
66 36 7
63 72 2
134 3 4
34 32 7
8 96 6
99 80 3
45 91 2
117 43 4
132 44 4
74 16 8
95 20 5
59 135 8
122 81 2
26 5 2
4 96 1
123 97 3
103 23 6
14 38 5
13 14 8
96 43 4
68 21 6
0 30 7
137 72 9
74 60 7
33 126 4
1 131 8
11 129 6
51 73 5
85 94 2
63 59 7
112 75 8
61 26 4
98 126 3
99 138 8
54 64 1
21 40 9
107 59 3
28 8 6
9 137 4
103 56 8
107 40 4
133 138 5
127 7 2
136 30 4
133 116 7
74 117 1
2 19 1
123 38 7
43 130 9
33 62 5
25 12 1
52 81 7
53 43 8
119 124 7
23 63 6
127 55 9
80 24 7
108 40 4
24 129 2
127 85 5
86 21 6
46 116 6
126 6 2
34 90 8
128 103 6
60 20 4
